idxCompression;T;B;F;dx;dy;dz;D2;D3
0;0.689;5.75115;125.730866899022;4664.81012658228;-196.012658227847;-276.981436267013;4668.92648038606;174.135148281121
0;1.29;5.75345;124.418713231651;4681.13924050633;-181.075949367088;-240.107465951311;4684.64012368585;187.789345478321
0;1.89;5.74885;124.970231760051;4679.62025316456;-149.620253164559;-208.947114957246;4682.01152646861;183.671615425375
0;2.489;5.75115;125.234522278515;4682.53164556962;-124.683544303796;-158.205738384611;4684.19134941999;183.862239669405
0;3.09;5.75345;124.623801394849;4682.91139240506;-147.784810126581;-221.293384282475;4685.24273215607;187.465885298438
0;3.69;5.75115;125.301946625168;4671.64556962025;-146.139240506327;-276.233053725065;4673.9307874388;179.086469271855
0;4.291;5.75345;124.767459345324;4670;-154.873417721519;-333.706242411991;4672.56736447071;181.468553821391
0;4.89;5.75345;124.357763850552;4676.13924050633;-130.12658227848;-322.610396667293;4677.9494571894;186.060523394471
0;5.49;5.75115;125.952216257915;4663.98734177215;-141.582278481011;-298.704197500693;4666.13581733223;172.686865412958
0;6.091;5.75575;126.416547122575;4661.07594936709;-188.797468354431;-272.686702521186;4664.89801494367;169.861171440602
0;6.201;5.75115;125.999007768455;4666.01265822785;-189.620253164556;-244.833731964832;4669.86402019938;173.2777423353
0;7.29;5.75345;127.254020821387;4657.21518987342;-158.291139240508;-253.103132008412;4659.90444210498;163.773039797652
0;7.89;5.75345;128.008603445014;4651.26582278481;-133.73417721519;-263.098684595214;4653.18800225839;157.620077006621
0;8.49;5.75575;127.491995550088;4658.48101265823;-150.316455696203;-227.465509872868;4660.90553242074;163.452714892975
0;9.09;5.75345;127.838447249195;4657.9746835443;-141.518987341772;-194.722371012313;4660.12400868452;161.190452596308
0;9.69;5.7546;127.995266063424;4660.44303797468;-115.379746835445;-159.318370022821;4661.87106172902;161.592601633419
0;10.29;5.75345;126.831748699789;4666.39240506329;-98.9873417721532;-219.707486989461;4667.44218730811;169.610400162068
0;10.4;5.7546;126.943198734236;4660.25316455696;-93.6708860759469;-282.163196850151;4661.19445986342;166.726958004946
0;11.49;5.75345;127.904007230785;4650.50632911392;-53.7341772151928;-305.288750173892;4650.81675396157;157.82586028618
0;12.09;5.75345;128.401561523574;4646.89873417722;-73.7341772151876;-296.153667683487;4647.48368201411;153.910088188282
0;12.69;5.7546;128.948101082754;4645;-54.6202531645569;-278.036146760692;4645.32112690347;150.634329313089
0;13.29;5.75345;129.735531752998;4639.49367088608;-30.8860759493671;-269.096922529675;4639.5964772682;144.393745487298
0;13.89;5.75345;129.513302079202;4640.50632911392;-26.0759493670908;-277.735783542393;4640.57959156847;145.883318727379
0;14.49;5.7546;130.485678225877;4634.17721518987;-5.0632911392395;-265.528499106977;4634.17998125905;138.780852489714
0;15.09;5.75345;130.394786300823;4635.75949367089;-2.78481012658478;-253.590746157041;4635.76033012139;139.691256681158
0;15.69;5.7546;130.64407015858;4633.92405063291;0.569620253165478;-254.667193764865;4633.9240856429;137.916699433575
0;16.29;5.75115;130.782873827855;4632.27848101266;6.83544303797494;-250.830963153304;4632.28352423882;136.069607260801
0;16.89;5.75345;132.105213447754;4622.15189873418;33.4810126582276;-249.298016712733;4622.27315865047;125.991105448084
0;17.49;5.75345;133.246438878848;4613.03797468354;24.9367088607598;-250.672662399468;4613.10537440034;116.911035831286
0;18.09;5.75575;131.414225251386;4628.16455696203;57.7215189873404;-246.043688162222;4628.52448843837;132.059485762634
0;18.69;5.75345;130.720894550701;4633.16455696203;65.379746835444;-244.431467779075;4633.62582900102;137.068433291262
0;19.29;5.7546;131.240904776705;4631.07594936709;54.1139240506305;-225.941857807664;4631.39209801788;133.90009474994
0;19.89;5.75575;132.17090706171;4625.44303797468;34.9367088607608;-210.405433149027;4625.57497735952;127.357903820516
0;20.49;5.75345;133.365057651352;4616.20253164557;29.1772151898742;-200.374944386517;4616.29473962151;117.641431813888
0;21.089;5.7546;132.70441049161;4619.81012658228;12.4050632911373;-226.569983417591;4619.82678152195;122.379276194902
0;21.689;5.75115;132.093902406953;4622.21518987342;39.6835443037981;-242.272380663151;4622.38553619071;125.730274234745
0;22.289;5.75345;132.499990755029;4620.3164556962;46.518987341773;-232.149549347018;4620.55063460627;123.378884205491
0;22.89;5.75115;133.399019555045;4612.21518987342;46.3924050632914;-236.80223084354;4612.44850518102;115.523195728166
0;23.49;5.75345;133.048385925971;4611.07594936709;56.7721518987336;-282.026475861395;4611.42542909053;117.04149560906
0;24.09;5.75345;132.410533906292;4614.87341772152;21.5822784810132;-298.804472230684;4614.92388413256;121.58717822058
0;24.689;5.75115;132.554305345742;4612.9746835443;2.53164556961795;-301.183580687975;4612.97537824016;119.797139127565
0;25.289;5.75115;131.798144743628;4620.6329113924;1.01265822784934;-286.211620477716;4620.63302235953;126.48880752679
0;25.889;5.75345;131.135684919614;4626.01265822785;5.69620253164758;-291.203930905203;4626.01616521252;132.172627872906
0;26.489;5.75345;132.123096031666;4616.89873417722;6.39240506329108;-301.994070283257;4616.90315953125;123.76941320571
0;27.089;5.75345;132.635179428201;4611.20253164557;7.40506329114042;-316.162548409971;4611.20847748362;119.034441653798
0;27.689;5.75575;132.320039956352;4609.74683544304;3.16455696202604;-353.285766683577;4609.74792166533;120.265808304674
0;27.799;5.75575;130.617448321199;4620.12658227848;-39.3670886075958;-376.319116669454;4620.29429841235;132.594404336143
0;28.399;5.75345;130.918713488932;4615.44303797468;-40.4430379746842;-388.027099739787;4615.62022659031;128.901888667556
0;29.489;5.75115;132.644889870983;4602.46835443038;-8.35443037974715;-379.450792536587;4602.47593693221;115.091343184617
0;29.599;5.75;130.66724450628;4619.62025316456;-31.2025316455693;-367.226982349105;4619.72562837115;131.298278919311
0;30.689;5.7546;132.963440527531;4603.98734177215;-0.316455696202244;-355.906563212826;4603.98735264796;114.723359522566
0;31.289;5.75345;136.490895618401;4577.3417721519;28.3544303797455;-345.295722102163;4577.42959233769;87.4347080108755
0;31.889;5.7546;138.10112987014;4565.88607594937;69.6835443037974;-334.990686030345;4566.41779241618;75.6887003401025
0;32.489;5.75115;138.763686047881;4561.07594936709;59.7468354430354;-328.442222306239;4561.46725300537;70.276483401567
0;32.599;5.7546;136.338328941988;4583.73417721519;56.645569620252;-300.096005064682;4584.08417548459;90.8965312884438
0;33.199;5.75345;136.263919728432;4583.41772151899;81.6455696202509;-299.803303431512;4584.14485034809;90.9379653758242
0;34.289;5.75115;138.429121436931;4563.92405063291;103.924050632911;-314.444762939999;4565.10711246138;72.9237818374841
0;34.889;5.7546;137.698825238876;4565.3164556962;95.4430379746824;-357.131728593561;4566.31401834657;77.2583754321759
0;35.489;5.75115;137.432956588991;4564.30379746835;100.000000000003;-372.083845534664;4565.39912336085;77.5365999729665
0;36.088;5.75345;138.793979413706;4555.88607594937;95.569620253164;-363.516669628183;4556.88835603251;68.3647697861743
0;36.689;5.75;138.496747160902;4558.54430379747;111.898734177213;-349.166216065998;4559.91748789326;70.2662882054719
0;37.289;5.75345;139.042292196976;4556.51898734177;97.4050632911384;-343.961475918925;4557.55998626028;67.5210343326462
0;37.889;5.75575;139.477772558728;4553.67088607595;112.784810126581;-340.42103274684;4555.06739270573;64.7702910312191
0;37.999;5.75115;136.689765972851;4572.40506329114;89.4936708860751;-356.921057220154;4573.28078953601;84.187572034336
0;39.09;5.7546;136.648715527334;4576.96202531646;108.417721518985;-324.515621236111;4578.24592868582;86.7326906863045
0;39.199;5.7546;136.529012517498;4582.15189873418;65.8860759493669;-299.26519690703;4582.6255572627;89.3868147355633
0;40.29;5.75115;137.279034508105;4577.91139240506;76.3924050632907;-274.428686938124;4578.54873472626;83.7657036824994
0;40.89;5.75805;138.377227106557;4577.15189873418;74.5569620253163;-209.163332366763;4577.75908547756;79.5350565248364
0;41;5.75345;137.038726747348;4586.77215189873;88.0379746835419;-195.624079869113;4587.61696945376;88.7859530954574
0;42.089;5.75345;137.981989151033;4580.75949367088;104.177215189874;-170.015877971962;4581.94395764731;82.0971450759062
0;42.69;5.75345;138.906683237391;4572.0253164557;151.139240506328;-162.939725492534;4574.52276902549;74.4237206616817
0;43.29;5.7546;140.564522146476;4559.6835443038;150.822784810129;-167.93471789069;4562.1772802701;62.2670903338985
0;43.89;5.7546;139.701885339979;4563.67088607595;189.177215189872;-167.980073806058;4567.59017154169;67.6779891346669
0;44.49;5.75115;139.642881588579;4563.35443037975;212.215189873418;-135.93049995843;4568.2862152102;67.3080908072752
0;45.09;5.7546;139.661540852527;4565.3164556962;210.569620253164;-111.253663846242;4570.17000839401;68.5239563348368
0;45.69;5.75345;139.777948360704;4562.46835443038;234.999999999998;-103.428756135196;4568.51644247656;66.6870782116293
0;46.29;5.75345;140.299790869869;4560.6329113924;202.848101265822;-117.205486250635;4565.14182744224;63.6461468642347
0;46.888;5.75345;139.076651035891;4569.55696202532;202.911392405064;-121.259935305043;4574.05988836633;72.6669278119434
0;47.488;5.75345;140.452899154844;4557.84810126582;220.94936708861;-122.50461456374;4563.20040509173;61.8445009242887
0;48.088;5.7546;141.490286840841;4550.44303797468;222.784810126581;-120.257136374288;4555.89342648348;54.4803008158306
0;48.688;5.75345;141.80859362547;4549.87341772152;197.721518987343;-118.232803477471;4554.16753275058;52.7020218817734
0;49.288;5.75575;142.312144018879;4545.56962025316;213.227848101264;-118.593140531911;4550.56801814613;49.1130940207995
0;49.888;5.75345;143.082495670919;4538.73417721519;220.443037974684;-121.108061208667;4544.08440331083;42.6979911673043
0;50.488;5.7546;143.943403558322;4532.72151898734;215.253164556963;-132.132563922126;4537.82968979034;36.753000769022
0;51.088;5.75115;143.930671889303;4533.98734177215;188.607594936706;-131.819960591097;4537.90855353189;36.8227434810879
0;51.688;5.75;144.417976289457;4529.17721518987;194.113924050633;-144.592044957557;4533.33502645739;32.6403430574646
0;52.288;5.75345;144.672180013451;4525.50632911392;210.126582278481;-170.106132497697;4530.38196131741;30.5743968466595
0;52.888;5.75345;144.470726378792;4526.96202531645;193.734177215192;-188.286788431167;4531.10561674284;32.0159894730505
0;53.488;5.7546;144.367573264431;4526.51898734177;184.493670886074;-216.304943530827;4530.27726053965;32.4382242467454
0;54.088;5.75;144.104588147452;4530;110.443037974684;-232.399551077281;4531.34612059563;34.301755005722
0;54.688;5.75345;144.118122274522;4530.56962025316;122.531645569619;-228.30006716701;4532.22628386171;34.9726760741241
0;55.288;5.7546;144.168375233883;4531.70886075949;128.417721518987;-209.956795705399;4533.52802019423;35.3871767346045
0;55.889;5.75115;144.250933098298;4533.03797468354;139.810126582279;-161.788457250987;4535.1935076045;35.0784101112322
0;56.489;5.7546;145.019290639479;4531.26582278481;137.088607594936;-107.349834311171;4533.3390831781;31.609931404977
0;57.089;5.75115;143.999742089572;4539.05063291139;117.278481012659;-96.0047189923758;4540.5654813296;38.5803192623098
0;57.689;5.75345;143.569394710337;4544.05063291139;90.8860759493657;-85.8627743579126;4544.95945342353;42.770435172054
0;58.289;5.75575;144.215983886133;4539.6835443038;97.0886075949362;-88.3833314439586;4540.72162548503;38.5817171360623
0;58.889;5.75575;144.282203089755;4538.22784810126;112.151898734177;-99.8467809425773;4539.61342513562;37.7113351694261
0;59.488;5.75115;143.838864594559;4539.93670886076;97.5316455696201;-122.030187458615;4540.98422617267;39.6235931452838
0;67.767;5.75345;142.296327109566;4548.79746835443;124.873417721516;-155.20649562167;4550.51115574516;50.1572380980087
0;68.367;5.75345;141.833314749275;4552.21518987342;128.417721518987;-151.467979634085;4554.02615782061;53.5443918575866
0;68.967;5.75115;141.363671105606;4555.18987341772;141.518987341772;-137.302943636552;4557.38767351052;56.4555053204376
0;69.567;5.75345;142.075394759465;4551.64556962025;134.493670886076;-121.984359642554;4553.63216992239;52.2657576643642
0;70.167;5.75345;142.753003702527;4545.50632911392;165.569620253164;-110.259696847418;4548.52075813286;46.8569524672321
0;70.767;5.75575;142.783910073854;4543.29113924051;201.708860759494;-112.536924834631;4547.76657716842;46.1587573815705
0;71.367;5.75345;143.528065051903;4535.56962025316;228.797468354431;-103.251555440676;4541.33681438504;39.5104232560379
0;71.966;5.75115;143.065947372922;4536.83544303797;253.354430379746;-83.2378844470351;4543.90408179999;41.666417901959
0;72.567;5.75345;143.32890702132;4533.41772151899;280.696202531646;-59.371352307103;4542.09935997641;39.4873751473297
0;73.167;5.75115;144.66335060076;4523.79746835443;279.303797468352;-39.9354278079712;4532.41151551469;29.5874491690056
0;73.768;5.75115;144.955340222582;4524.55696202532;252.15189873418;-28.0430060662919;4531.57768140931;28.6644506004905
0;74.368;5.75345;144.778814076599;4524.6835443038;263.987341772151;-61.167904249251;4532.37801741089;29.7907524195016
0;74.968;5.75345;144.912007487044;4522.91139240506;277.658227848101;-27.6872399488234;4531.42599575887;28.5105801813206
0;75.568;5.75115;144.342274250348;4525.44303797468;288.164556962029;5.6629728704534;4534.60841769636;31.6119537513232
0;76.167;5.7546;144.443006905157;4525.12658227848;289.810126582279;37.6914616240117;4534.39747873;31.5541281797841
0;76.767;5.75345;144.505318682279;4524.30379746835;289.240506329113;47.7377024305162;4533.539998973;30.7913285154009
0;77.366;5.7546;144.556104021314;4527.3417721519;262.468354430383;16.7824285345708;4534.94356733895;31.974620530571
0;77.967;5.75;144.787930788143;4526.89873417722;237.721518987344;-12.6168614633427;4533.13618481564;30.1537427356361
0;78.566;5.75345;144.713837394205;4529.30379746835;222.215189873419;-41.1196839423313;4534.75164483919;31.9380711073927
0;79.166;5.75345;145.061184428149;4526.89873417721;220.25316455696;-47.1502500584982;4532.25370053273;29.49895224182
0;79.767;5.75345;146.360029654076;4517.40506329114;223.164556962022;-52.1974831767009;4522.9139860639;20.215173146471
0;80.366;5.75345;145.981604394838;4521.20253164557;206.202531645568;-62.3281557114997;4525.9023206666;23.3314742967887
0;80.967;5.75115;145.965395446925;4522.59493670886;174.620253164558;-77.7494888959318;4525.9647805037;23.6325427831507
0;81.567;5.75345;145.133084005759;4528.60759493671;151.898734177217;-125.375763490597;4531.15437547244;29.8885996055451
0;82.167;5.75115;144.060994146116;4536.32911392405;123.354430379748;-141.703672032543;4538.00596576616;37.2178445529216
0;82.767;5.7546;143.886131789477;4539.05063291139;98.3544303797452;-149.03727254126;4540.11610447449;39.5616507335553
0;83.367;5.75345;142.926785879687;4545.44303797468;104.999999999999;-148.650826833443;4546.65562930298;46.0850156697206
0;83.966;5.75115;142.913317994307;4546.32911392405;83.2278481012657;-137.490381308952;4547.09085974901;46.1690331054406
0;84.567;5.75345;145.037702677273;4531.26582278481;98.4810126582268;-135.695145001115;4532.3358731003;31.3667296513149
0;85.166;5.75345;144.128176877719;4539.30379746835;38.6708860759487;-134.782628799563;4539.46851549171;38.4690090505555
0;85.767;5.75115;143.6567662046;4542.53164556962;1.01265822784934;-132.03528134894;4542.53175844464;41.4502519005564
0;86.366;5.7546;144.144789950598;4540.37974683544;-0.189873417720627;-121.306885568579;4540.37975080559;38.9999605913417
0;86.966;5.75345;144.605312533714;4537.46835443038;26.6455696202527;-102.455663841875;4537.54658971536;35.7031426268459
0;87.566;5.7546;144.323970295104;4540.18987341772;26.0759493670872;-90.2884399974945;4540.26475459529;38.1624111253041
0;88.166;5.7546;143.238725432259;4548.86075949367;-13.4810126582293;-61.5998199880045;4548.88073562757;46.2978012860585
0;88.767;5.75345;143.923574509868;4543.79746835443;-36.0759493670882;-44.4303711227675;4543.94068046083;41.157893980464
0;89.365;5.75115;143.773116693295;4544.74683544304;-25.6329113924069;-16.9249514887684;4544.81912119899;41.8506354333413
0;89.966;5.75115;143.180300414415;4548.98734177215;-25.5063291139253;-19.3891466193337;4549.0588486442;46.100168982297
0;90.566;5.75;142.377165139984;4554.55696202532;-12.9746835443064;-24.4732109625165;4554.57544264516;51.6411934203088
0;91.167;5.7546;142.078038151332;4557.78481012658;2.34177215189732;-33.3441497644378;4557.78541172326;54.9073807659724
0;91.766;5.75;141.258806606574;4562.53164556962;-2.08860759493769;-41.3243447060708;4562.53212362455;59.7192638350325
0;92.367;5.75345;141.753347718198;4559.6835443038;-13.7974683544315;-43.9691532669094;4559.70441962281;56.9164115986641
0;92.967;5.75345;142.406589581515;4554.87341772152;-47.721518987343;-13.157103156843;4555.12340061612;52.1424021872317
0;93.566;5.7546;141.780794864684;4559.24050632911;-61.6455696202525;-34.1062231866408;4559.65724268897;56.7847981309396
0;94.167;5.74885;141.983890588724;4555.18987341772;-90.9493670886047;-55.0565453425463;4556.09773493295;53.430378426322
0;94.767;5.75;141.38295213558;4558.79746835443;-115.949367088607;-60.0023892346711;4560.27176966494;57.6664973353263
0;95.367;5.75345;142.386281975674;4553.60759493671;-77.7848101265813;-63.7176451102593;4554.27190727033;51.7176140404254
0;95.966;5.75345;142.450463475997;4553.86075949367;-45.2531645569604;-64.5629167455451;4554.08560149661;51.543230223795
0;96.566;5.75345;142.606103464624;4553.16455696203;5.25316455696013;-62.0665911593011;4553.16758735202;50.5905986651005
0;97.166;5.75345;142.781093050838;4551.51898734177;36.3924050632904;-67.9343225701375;4551.66447569227;49.1714127943424
0;97.767;5.75345;142.184918163001;4554.93670886076;42.7215189873425;-94.8940581712105;4555.13705061789;53.1253749417483
0;98.367;5.7546;141.189070093027;4561.77215189873;47.2784810126591;-111.681297047618;4562.01714383075;60.3839563109204
0;98.967;5.7546;139.541701562282;4573.92405063291;33.2278481012644;-117.129153792691;4574.04474298707;72.544180697616
0;99.567;5.75345;139.673838711429;4572.40506329114;58.6708860759507;-112.969949356106;4572.781465988;71.1767068119379
0;100.167;5.7546;138.689167324276;4579.62025316456;88.5443037974684;-103.273498548676;4580.47614958641;78.6402273020594
0;100.767;5.75;139.265231451939;4572.9746835443;113.987341772155;-109.840589143176;4574.39510431941;72.7136629650167
0;101.366;5.75345;139.01740964485;4576.39240506329;89.2405063291119;-114.827589763471;4577.26242563072;75.7025114612707
0;101.966;5.75115;140.769733584429;4562.9746835443;86.3291139240491;-113.467585090948;4563.79126150366;62.2015915448383
0;102.565;5.7546;141.056247421762;4561.83544303797;93.1645569620241;-104.758635543042;4562.78667527109;60.9891121421661
0;103.165;5.7546;141.274393616048;4561.32911392405;78.7341772151917;-86.7102199497823;4562.0085879131;59.8325652424128
0;103.765;5.75115;141.569681872196;4558.92405063291;78.1645569620262;-66.068519979563;4559.5940825258;57.0727238429608
0;104.365;5.7546;141.64239508764;4559.11392405063;88.5443037974684;-57.3575571982678;4559.97366946426;57.3343907629278
0;104.965;5.75345;141.386315933015;4560.6329113924;83.6075949367069;-67.3345742870701;4561.39921322467;58.8961767340879
0;105.565;5.7546;141.139993967926;4562.15189873418;100.696202531646;-66.7915830531802;4563.26305096782;60.751832417589
0;106.165;5.75115;140.277075006885;4568.79746835443;85.7594936708836;-32.954827483366;4569.60228002356;66.7211094607292
0;106.765;5.75345;140.232777140927;4570.37974683544;60.949367088609;-31.0448877925887;4570.78613103174;67.8915586229086
0;107.366;5.7546;140.195130626209;4569.81012658228;98.0379746835429;-34.7660857748057;4570.86162965955;67.9938435983577
0;107.966;5.75345;140.23385486769;4569.11392405063;100.569620253164;-37.4593395053073;4570.22059636854;67.3741095874648
0;108.566;5.75575;140.280801920098;4567.91139240506;127.215189873417;-55.1319035068917;4569.68250466031;67.0150678288564
0;109.166;5.7546;139.492825313765;4573.35443037975;118.417721518986;-76.6710175401402;4574.88726665956;72.5296903827921
0;109.766;5.75345;139.730185679768;4571.83544303797;111.518987341772;-67.7314663619718;4573.19536022199;70.6969023199954
0;110.366;5.75;139.244132281029;4574.6835443038;128.860759493671;-4.02405791887463;4576.49807449552;73.4998436472579
0;110.967;5.7546;139.74048942062;4570.12658227848;153.797468354431;61.4259156098794;4572.71370624934;70.1262591830036
0;111.566;5.75;138.683973744547;4577.78481012658;125.253164556965;82.8752412912372;4579.49802085962;77.2478566859554
0;112.167;5.7546;138.93574313739;4577.08860759494;136.075949367087;60.8841715931587;4579.11091651769;76.5156586829235
0;112.767;5.75345;138.885113669626;4577.46835443038;138.544303797466;38.5963908984511;4579.56450548808;76.7271470379837
0;113.366;5.75575;138.273981684334;4582.15189873418;149.620253164555;29.5825758197043;4584.59401073097;81.6894520809565
0;113.966;5.7546;138.89535255827;4576.89873417722;156.392405063291;21.076671724014;4579.56991509841;76.6184156941981
0;114.566;5.75115;139.131564745442;4574.87341772152;147.025316455698;8.98485883306969;4577.23532624813;74.2441446291796
0;115.166;5.7546;139.61687230313;4572.59493670886;137.53164556962;-9.68710881998416;4574.66276448315;71.6730209738353
0;115.765;5.75;138.050053028795;4582.84810126582;138.797468354429;-41.2197309933146;4584.94944972105;82.1347333225121
0;116.366;5.75345;138.334143111801;4580.88607594937;143.670886075948;-62.9742488396828;4583.13850590757;80.5711318086423
0;116.966;5.75;138.395298586949;4579.87341772152;139.303797468356;-59.9109765280998;4581.99149610094;79.383156770049
0;117.566;5.75115;138.818751757599;4577.0253164557;148.860759493673;-23.8217463259897;4579.44541109438;76.5073696623112
0;118.165;5.7546;140.989127104663;4560.75949367089;163.734177215189;36.8245090787711;4563.69762800927;60.8461942057529
0;118.765;5.75345;138.976516280408;4573.41772151899;191.772151898732;47.0201357056874;4577.43664224288;74.6781349183548
0;119.365;5.75115;139.297488848821;4570;202.215189873417;23.5225883865876;4574.47166162558;71.5321394848606
0;119.966;5.75;139.80525999666;4565.82278481013;201.962025316454;35.5593674943393;4570.28733910257;67.4256727987395
0;120.565;5.75345;139.969158219261;4562.15189873418;233.291139240509;74.2457002268172;4568.11281633587;65.7161354995742
0;121.165;5.75805;140.638650969429;4559.55696202532;210.253164556962;95.0657900372018;4564.40205099855;62.3919423851385
0;121.765;5.7546;140.533381087824;4558.92405063291;228.987341772152;62.2284752425503;4564.67125893323;62.0954081226037
0;122.366;5.75345;140.896390001345;4555.88607594937;235.379746835443;36.4604817406776;4561.96246830787;59.1081671721031
0;122.966;5.75345;140.512490361041;4554.62025316456;277.215189873417;45.2508832267534;4563.04875187997;60.2731185483663
0;123.566;5.75115;140.155281200205;4553.86075949367;302.46835443038;52.5250741247258;4563.89470981618;61.1969508008633
0;124.166;5.75115;139.935989339639;4556.07594936709;298.481012658228;44.6258052978454;4565.84263540901;63.0607128921501
0;124.765;5.75345;139.635851579259;4555.88607594937;323.607594936709;50.1300948765115;4567.36464632834;64.6397448728785
0;125.366;5.75345;139.431390919279;4554.55696202532;336.898734177217;95.6463993240502;4567.00009606125;65.0015445626914
0;125.967;5.7546;138.327143485319;4558.41772151899;354.93670886076;148.915516992529;4572.21523893564;71.6396603838011
0;126.567;5.75115;139.093245506514;4555.88607594937;353.860759493671;-29.5614433596302;4569.60779215665;66.7034097490687
0;134.096;5.7546;138.841176542918;4549.30379746835;383.037974683546;-172.037595783151;4565.40065401818;65.6409430018148
0;134.653;5.7546;137.208660270893;4550.6329113924;380.06329113924;-302.257152888444;4566.47654100175;73.4688774197439
0;135.253;5.75345;136.413474586466;4545;374.873417721519;-395.819258873617;4560.43365035763;74.5788322004319
0;135.853;5.75115;137.095258071475;4546.26582278481;345.379746835443;-374.138032754682;4559.36619509174;71.6911773909842
0;136.453;5.7546;137.020646547558;4546.96202531645;369.113924050632;-356.307366582022;4561.91941496098;72.8128991555795
0;137.053;5.7546;137.223497174722;4545.06329113924;395.822784810128;-329.154027694346;4562.26654169135;71.1248749223851
0;137.653;5.75345;137.214662469581;4542.72151898734;432.78481012658;-298.439577352853;4563.29064283078;70.0392161315986
0;138.253;5.75345;137.865259607559;4537.0253164557;455.253164556961;-270.043918187353;4559.80856681495;64.7979250125563
0;138.852;5.75575;137.742154557647;4544.93670886076;422.025316455693;-260.523569747703;4564.48847684816;68.9172767749942
0;139.453;5.75345;137.884832285526;4543.98734177215;419.683544303799;-256.993214797199;4563.327211536;67.5580350758864
0;140.053;5.75115;137.871722135385;4544.93670886076;432.088607594937;-218.810598118847;4565.42990882167;67.6704464676222
0;140.653;5.75345;138.969546579594;4537.84810126582;453.037974683545;-160.536215346227;4560.40664816935;60.2313850061228
0;141.253;5.75345;138.754692808566;4543.54430379747;450.569620253163;-78.6697287220874;4565.83046370159;63.5081571680894
0;141.853;5.7546;138.402062029492;4548.86075949367;439.367088607595;-58.9327459749408;4570.03037712145;67.4103444177754
0;142.453;5.75345;138.285093403583;4553.67088607595;414.936708860758;-41.5811347909339;4572.53660576446;69.7256643960636
0;143.051;5.75345;138.558784631412;4549.55696202532;428.29113924051;-38.0664829218459;4569.67196313532;66.830511932254
0;143.652;5.75345;138.528591073941;4553.22784810127;407.531645569622;-17.0728375248701;4571.42930371515;68.4611844186884
0;144.252;5.75345;138.820126300588;4550.25316455696;412.911392405063;6.57503823716421;4568.94951597613;65.9542469438602
0;144.852;5.75345;138.39108674798;4554.17721518987;407.025316455695;34.4979863543701;4572.32979077302;69.459931661836
0;145.452;5.75345;138.023747114414;4559.11392405063;393.860759493672;11.7185864270422;4576.09506788717;73.1100724970693
0;146.052;5.75345;137.873850758927;4565.3164556962;357.658227848102;3.62031332259586;4579.30494164758;76.3063727235512
0;146.653;5.75345;138.444229387906;4561.13924050633;356.518987341775;7.94302320069911;4575.05157999578;72.0584751715924
0;147.252;5.75345;138.620612431915;4561.70886075949;341.898734177218;3.54022491356341;4574.50352221568;71.5048921119414
0;147.852;5.75345;137.537465901788;4567.15189873418;363.037974683544;6.29890212186735;4581.55792685998;78.5622568444351
0;148.452;5.75115;137.91090956241;4560.37974683544;387.27848101266;2.74564877422651;4576.79451769493;73.7953412611278
0;149.052;5.7546;137.982631640578;4556.32911392405;416.455696202531;-6.3009275519389;4575.3218838997;72.3262225746785
0;149.652;5.75345;138.102182423986;4558.48101265823;393.987341772153;-15.5513803626066;4575.47540352282;72.5018318948851
0;150.252;5.74885;138.538469199892;4557.59493670886;368.417721518985;-24.451670185979;4572.46139673628;69.5267750794374
0;150.853;5.75345;138.860148022357;4555.18987341772;375.632911392405;-35.2850460354095;4570.65147074336;67.7876675122643
0;151.452;5.75345;138.496133557651;4557.6582278481;376.01265822785;-49.4766520442101;4573.14268758576;70.4103227369151
0;152.052;5.75115;138.209776718061;4558.60759493671;377.784810126586;-67.8704367696902;4574.2348614142;71.7383491916062
0;152.653;5.75345;138.205932673897;4558.03797468354;380.759493670884;-92.951291993103;4573.91385693672;71.8582397010905
0;153.253;5.7546;138.043265293657;4557.53164556962;388.037974683543;-118.102800742968;4574.02100674724;72.54548023603
0;153.852;5.7546;138.014011840786;4560.56962025317;357.784810126584;-146.069389334708;4574.58251991736;73.9139710108193
0;154.452;5.75115;137.953758029356;4559.6835443038;356.835443037973;-157.035740767043;4573.62499092382;73.3201135280297
0;155.052;5.75345;137.70595146821;4563.67088607595;348.924050632914;-148.19400204862;4576.99027195026;76.3887596239874
0;155.652;5.7546;137.314341102278;4566.77215189873;355.379746835444;-135.360355347791;4580.57885553983;79.5784311475236
0;156.251;5.75345;137.883795589822;4561.26582278481;367.784810126584;-118.849416476681;4576.06944578692;74.6125607636868
0;156.852;5.75115;138.445150980385;4557.53164556962;361.392405063293;-113.69511530813;4571.837614221;70.251113819455
0;157.451;5.75115;138.333761890933;4560.82278481013;342.088607594935;-115.298882163425;4573.63412287094;72.08720377192
0;158.052;5.75115;138.088653871308;4559.24050632911;368.481012658228;-114.389124104952;4574.1067162061;72.5368125450896
0;158.651;5.75805;138.785009474235;4556.13924050633;366.39240506329;-110.212576130249;4570.84764276492;69.1761761011476
0;159.251;5.75345;138.818449506993;4552.15189873418;386.012658227851;-106.718174414029;4568.48910269701;66.7353807645759
0;159.851;5.75115;138.178666555665;4557.6582278481;377.848101265824;-104.620390837261;4573.29396709873;71.490478258821
0;160.452;5.7546;138.726552951919;4557.40506329114;339.936708860762;-147.645967486418;4570.06541276411;69.4498038423335
0;161.053;5.75345;138.260869807451;4560.37974683544;316.139240506329;-196.987906970442;4571.32447489071;72.5668162783304
0;161.653;5.75115;137.2525470649;4564.87341772152;301.45569620253;-248.856793310457;4574.8163740847;78.5799196532907
0;162.252;5.7546;137.864018887641;4562.9746835443;283.924050632911;-248.802154577364;4571.79951760727;75.5645503057367
0;162.852;5.75345;137.995292321985;4568.86075949367;254.683544303798;-197.284398509147;4575.95370905129;77.2045239569115
0;163.453;5.75115;138.50966908161;4569.62025316456;232.405063291141;-146.771612351271;4575.52634912914;74.8797797416273
0;164.053;5.75345;139.009008324341;4566.26582278481;255.443037974684;-105.896422836276;4573.40515480341;71.6309973977004
0;164.652;5.75115;139.160360317069;4565.18987341772;253.54430379747;-93.8237080949733;4572.22520162162;70.1877484468687
0;165.253;5.7546;139.427018771179;4562.15189873418;264.873417721519;-114.764270249979;4569.83455658291;68.27539230195
0;165.852;5.75115;139.069616973584;4560.44303797468;294.810126582276;-124.635078480852;4569.96211290063;68.6613628018367
0;166.453;5.75575;139.67582944353;4556.26582278481;300.189873417721;-128.501049430321;4566.14412912903;64.9519182763052
0;167.053;5.75115;138.388903114061;4563.10126582278;313.860759493671;-131.358104154599;4573.88256719643;72.7684261805171
0;167.653;5.75115;138.229078115974;4561.83544303797;332.088607594938;-137.267940995144;4573.90702273798;72.9663395043526
0;168.253;5.75115;138.708957607881;4561.13924050633;303.037974683545;-146.611951424328;4571.19494064593;70.5454791318525
0;168.851;5.75115;138.319424196757;4563.73417721519;302.46835443038;-153.922380132275;4573.74646714417;73.3357443285786
0;169.451;5.7546;138.431523217969;4566.77215189873;290.253164556963;-120.524850492363;4575.98675554171;74.5737051935421
0;170.051;5.75115;140.212907181009;4556.64556962025;264.936708860758;-81.8526620499246;4564.34116897958;62.0750448515637
0;170.652;5.7546;140.041469566388;4559.43037974683;265.126582278479;-54.7404665148649;4567.13230511106;64.4603458665406
0;171.251;5.75115;139.778453572951;4556.89873417722;297.784810126581;-65.5434418667773;4566.61820899099;64.0885484583932
0;171.851;5.7546;138.849530680404;4562.78481012658;310.949367088605;-81.3838190360302;4573.36798567693;71.0920474358154
0;172.452;5.75345;139.415601500722;4554.81012658228;335.189873417721;-97.8190285644353;4567.12683647589;65.1742636208128
0;173.051;5.75345;139.607509188751;4548.67088607595;369.683544303794;-102.923266524059;4563.66878210546;61.8292357497839
0;173.651;5.75345;139.945045729759;4546.96202531645;364.303797468356;-100.89984548527;4561.53273763543;59.6485395369582
0;174.251;5.75345;140.04010157814;4546.70886075949;361.455696202529;-98.9987695445672;4561.05379104721;59.1280605872389
0;174.851;5.7546;140.198987465578;4546.13924050633;359.177215189874;-98.3308965166355;4560.30593995436;58.365939188915
0;175.451;5.75345;140.304637231244;4541.39240506329;385.949367088608;-97.4296043856652;4557.76281641801;55.8040557292416
0;176.051;5.75345;139.863729463658;4544.74683544304;383.797468354428;-103.767172855762;4560.92362301593;59.1038919721286
0;176.652;5.75345;139.16643773475;4551.64556962025;374.430379746835;-93.9987924313218;4567.02041825095;64.9876612902081
0;177.251;5.75575;139.394657799552;4551.13924050633;370.253164556963;-92.243348042126;4566.17518195929;64.1068114944483
0;177.851;5.7546;140.040092579654;4549.81012658228;338.41772151899;-103.689538221369;4562.37862766658;60.5567557033091
0;178.452;5.75115;140.007709604575;4547.53164556962;347.278481012656;-116.939500275705;4560.77256732142;59.2715019556135
0;179.052;5.75345;140.212818649664;4542.78481012658;373.101265822784;-124.228808012715;4558.08055936656;56.7731503239975
0;179.652;5.75115;139.923218275303;4545.6329113924;368.291139240507;-110.630260386306;4560.52814138635;58.8697902165077
0;180.252;5.75;139.694708855209;4543.29113924051;397.531645569621;-100.356491513305;4560.64971085596;58.7537428624364
0;180.852;5.75345;139.409141364876;4549.11392405063;383.164556962024;-77.7656414225354;4565.22207255061;62.8843685193242
0;181.452;5.75345;139.092392940312;4546.20253164557;422.151898734178;-55.4593384255841;4565.76058114587;63.0973952122467
0;182.052;5.7546;138.624859516763;4547.78481012658;437.405063291139;-43.8154887111202;4568.77115520254;65.9812503075327
0;182.651;5.7546;138.355032249262;4549.6835443038;438.164556962025;-44.9848497923206;4570.73391615466;67.9552796978132
0;183.251;5.75345;138.218406452932;4551.45569620253;430.126582278481;-59.3250808282829;4571.73466326263;69.1195627949528
0;183.851;5.75345;138.741647739108;4548.41772151899;423.227848101267;-66.790489395749;4568.06584681486;65.5540984331274
0;184.452;5.75345;138.647133472662;4549.87341772152;416.962025316453;-75.7504751979192;4568.93920378077;66.5671110442845
0;185.052;5.75;138.979373833807;4548.16455696202;404.620253164555;-83.8075519502097;4566.12728540023;63.8963303583323
0;185.651;5.75345;139.110081003104;4550;389.177215189873;-93.3119630680805;4566.61350508481;64.5667512664304
0;186.252;5.75345;139.162445108664;4548.54430379747;396.13924050633;-94.6130350705573;4565.76188400987;63.7420780992861
0;186.852;5.75115;138.961026953649;4550.12658227848;392.278481012657;-92.6228521308058;4567.00496183471;64.9441014705608
0;187.451;5.75575;139.197417248017;4546.89873417722;412.278481012655;-79.8928230694377;4565.55162546307;63.250596271133
0;188.052;5.75345;138.596627315241;4548.86075949367;426.772151898734;-70.363614381529;4568.83668770264;66.3784825867133
0;188.652;5.75345;139.033828757691;4549.62025316456;399.683544303797;-74.4581411055064;4567.14258411015;64.7494894498377
0;189.252;5.75115;139.056212879386;4551.45569620253;381.898734177215;-74.920185507751;4567.44957253615;65.0639916552345
0;189.852;5.75;139.146825613994;4550.25316455696;383.734177215189;-74.0956374571918;4566.4051266093;64.0062342648325
0;190.452;5.75115;138.909278443163;4551.45569620253;389.810126582278;-73.85344503997;4568.11787164917;65.7148324911732
0;191.052;5.75345;139.206101632418;4546.58227848101;410.632911392405;-77.7121224469639;4565.08814842783;62.7495525807608
0;191.651;5.7546;139.312578946341;4545.56962025317;413.670886075949;-78.7585614606275;4564.3539273982;62.0333717902568
0;192.251;5.75575;139.067128056183;4542.46835443038;447.278481012659;-72.9871932813915;4564.43608681055;62.0195969964398
0;192.851;5.75345;139.002869749824;4545.6329113924;429.240506329113;-60.9504543183981;4565.85435350357;63.2611549591729
0;193.451;5.75575;139.300234922368;4542.40506329114;440.063291139242;-51.669057431098;4563.67170809002;60.9641925323112
0;201.477;5.75115;140.871434074152;4549.3670886076;296.392405063291;-45.3258087059898;4559.01188468347;56.2371942705504
0;202.077;5.75345;140.84985926346;4546.26582278481;330;-40.2438020636256;4558.2269504075;55.4045997504181
0;202.676;5.75345;140.023654461612;4548.54430379747;360.316455696202;-37.4658502817669;4562.79335844325;59.9471749945997
0;203.276;5.7546;140.378632273799;4547.21518987342;352.53164556962;-37.7897151476392;4560.86006627517;58.0166198682618
0;203.877;5.75345;140.260601974254;4548.79746835443;343.67088607595;-47.6653734415296;4561.76151130722;59.0105297849996
0;204.476;5.75115;140.051292923011;4553.54430379747;313.164556962024;-45.2933117125343;4564.30035891412;61.525084876791
0;205.077;5.7546;141.107310043999;4544.74683544304;331.075949367088;-19.5801264129908;4556.78999763197;53.8320644795731
0;205.676;5.75345;141.017359307066;4542.53164556962;351.962025316458;-9.5309689325985;4556.14650974552;53.1564786160588
0;206.276;5.75345;140.466056368164;4545.3164556962;360.949367088606;-25.1403847700644;4559.62565656703;56.694964246044
0;206.877;5.75115;140.000869015218;4549.55696202532;343.607594936707;-74.6959825953263;4562.5140799795;60.125488064853
0;207.476;5.7546;139.738997819402;4550.06329113924;358.544303797466;-86.2948413957195;4564.16804808483;61.9837645724419
0;208.077;5.75575;139.746423896188;4550.56962025316;361.772151898735;-60.1664602113953;4564.92748668152;62.3239711541655
0;208.676;5.75115;139.90458460157;4548.79746835443;361.39240506329;-31.5098602485605;4563.13081979304;60.2396112671968
0;209.277;5.7546;139.38998708076;4553.79746835443;358.797468354429;-34.7106798827796;4567.91057334628;65.0424513555781
0;209.877;5.7546;138.899423723295;4556.77215189873;362.3417721519;-49.5944784596956;4571.1556530232;68.4246812629071
0;210.475;5.75345;139.258150256274;4553.98734177215;358.417721518988;-65.2009360741724;4568.07004895063;65.5353379595081
0;211.075;5.75;139.172502419102;4555.18987341772;349.240506329116;-56.0578673230687;4568.55816578364;65.9020780311312
0;211.675;5.75345;138.971715935681;4556.58227848101;357.594936708863;-49.4104531902638;4570.59254356884;67.8596119561025
0;212.275;5.75345;139.705017903311;4550.44303797468;363.227848101264;-43.1718859217912;4564.91690083057;62.121041464572
0;212.875;5.7546;139.725413293458;4552.53164556962;344.746835443035;-66.3218484599147;4565.56620414827;63.0478920006908
0;213.477;5.75115;139.297667952765;4551.64556962025;367.848101265824;-73.2794638307781;4566.4854775909;64.0734061177382
0;214.076;5.75115;139.176368988473;4548.73417721519;398.227848101268;-51.5712846120791;4566.13272189595;63.4239434556948
0;214.676;5.75115;139.282987190406;4547.84810126582;401.202531645569;-27.2636905930374;4565.51046692327;62.5918709857006
0;215.276;5.7546;140.122939800958;4545.3164556962;381.962025316457;-15.7991328298025;4561.33715824719;58.3645199440825
0;215.876;5.75345;140.754596081524;4542.15189873418;368.037974683544;-31.5232001893905;4557.03805360276;54.1470827847807
0;216.477;5.75;140.550653133419;4543.54430379747;363.417721518985;-21.12013001713;4558.05520818742;55.1041388691856
0;217.076;5.75345;140.708811256608;4547.21518987342;333.101265822783;7.84888352695615;4559.39935038688;56.4061062029668
0;217.676;5.7546;140.840660144473;4546.89873417722;328.101265822783;36.6671552011304;4558.72115175922;55.8686118123023
0;218.277;5.75;140.353557162757;4551.70886075949;306.26582278481;51.0008513763814;4562.0009104912;59.2859833819775
0;218.876;5.75345;140.712097274602;4551.13924050633;291.012658227849;70.9861388579933;4560.43383393788;57.9862733443215
0;219.477;5.75345;140.760114060499;4553.92405063291;269.493670886075;12.1110777129416;4561.89117555214;58.9072519927331
0;220.076;5.75345;141.008952630741;4555.50632911392;230.759493670883;-32.4847236795288;4561.34715391366;58.462826307893
0;220.676;5.75115;140.689705343797;4557.91139240506;218.734177215187;-55.8896696497819;4563.15690079772;60.499157058257
0;221.276;5.75345;139.979459752621;4563.10126582279;228.987341772152;-44.0962055713184;4568.8432195519;66.0560119341035
0;221.876;5.75345;139.83947895698;4565.12658227848;220.316455696202;-22.3527242363585;4570.43980956714;67.4944696560915
0;222.476;5.75345;139.782192662881;4565.94936708861;216.455696202533;5.82559974708647;4571.07719156386;68.080903774051
0;223.076;5.7546;139.772627092525;4565.6329113924;224.746835443037;2.71130804296108;4571.1612333882;68.1620374717031
0;223.676;5.75345;140.056282241699;4561.96202531646;239.556962025318;-8.63183450248571;4568.24748218441;65.2556372264353
0;224.275;5.75;140.711493239216;4557.84810126582;219.303797468353;-28.6747918493743;4563.12102291803;60.2111186623943
0;224.876;5.7546;141.078530044324;4554.36708860759;240.822784810123;-35.0111232461707;4560.72967752702;57.8640596082951
0;225.476;5.7546;141.406448408301;4551.83544303797;237.848101265822;-57.6147929289348;4558.04537271981;55.4094906158562
0;226.076;5.7546;141.301487993884;4551.20253164557;246.645569620253;-81.4755772169501;4557.88092440668;55.6090850996607
0;226.676;5.75575;140.755711633986;4553.67088607595;255.063291139239;-110.922789626042;4560.80868061603;59.1573500308959
0;227.275;5.75;141.360490616602;4545.69620253165;272.911392405064;-119.566603023751;4553.881266987;52.45066556249
0;227.875;5.75575;140.661004964478;4550.18987341772;287.658227848102;-131.077145614855;4559.27353206647;58.1573485579756
0;228.476;5.75345;140.677687398652;4549.6835443038;284.303797468356;-134.625294732451;4558.55777659598;57.5452494790006
0;229.076;5.75345;142.246256028904;4541.51898734177;244.556962025315;-145.35500008972;4548.09881379691;47.4209581215637
0;229.675;5.75115;142.744280862118;4536.83544303797;244.810126582278;-154.008581563588;4543.43568627122;43.0451469907357
0;230.276;5.75115;141.764164398109;4542.21518987342;244.177215189874;-183.002571886356;4548.77360873617;49.4533259388509
0;230.877;5.75115;141.5122322352;4547.40506329114;238.607594936708;-134.689627851323;4553.66076843756;52.6522792963569
0;231.477;5.75115;142.120477920173;4544.6835443038;229.936708860758;-113.627433277878;4550.4966111346;48.9150477069288
0;232.077;5.7546;142.005203631888;4545.56962025317;224.177215189872;-140.805509383276;4551.09421967715;50.2718772165881
0;232.676;5.75345;142.818790276636;4538.35443037975;204.367088607594;-183.900805732269;4542.95353736459;43.6742074842341
0;233.276;5.75115;142.66633703589;4536.96202531646;185.696202531644;-226.998956509151;4540.7606740279;43.4311305742349
0;233.877;5.75345;143.156010687365;4531.13924050633;203.417721518987;-244.738387877439;4535.70298700039;39.3010099271387
0;234.477;5.75345;142.405717979602;4532.91139240506;247.848101265823;-244.057860157984;4539.68218851239;43.2378525327485
0;235.077;5.75115;141.916700854041;4537.59493670886;245.506329113922;-227.37944481317;4544.23163662251;46.9167661842366
0;235.677;5.7546;141.841612780235;4537.9746835443;265.379746835442;-216.792461583337;4545.72773475485;47.8943747266694
0;236.275;5.75345;141.339883843742;4538.16455696203;294.74683544304;-218.629512335245;4547.72616183847;49.9783775825208
0;236.875;5.75345;141.811499938668;4534.81012658228;292.278481012658;-220.616455278329;4544.21936031;46.5715419098315
0;237.475;5.7546;141.854214092728;4533.67088607595;306.455696202534;-214.779692875256;4544.0165929481;46.0897016281451
0;238.075;5.75115;141.632684754815;4533.16455696203;322.215189873418;-207.64514965888;4544.60158089594;46.342813776374
0;238.675;5.7546;142.726089930745;4526.83544303797;326.455696202529;-189.781864128131;4538.59146100725;39.557606225796
0;239.276;5.7546;142.957525238469;4523.03797468354;335.569620253162;-203.269571366048;4535.46904856226;37.0218071182881
0;239.875;5.75345;143.16680884189;4524.05063291139;313.101265822785;-202.112137538259;4534.87227293182;36.3739488993497
0;240.475;5.75115;142.698567667351;4527.78481012658;326.265822784808;-166.145495370063;4539.52471894696;39.564143692658
0;241.075;5.75345;142.90644844043;4529.87341772152;313.037974683546;-140.641710310065;4540.67681675034;39.8543939744486
0;241.675;5.7546;142.921901343278;4531.70886075949;305.696202531645;-123.990614838741;4542.00785632614;40.6999284169797
0;242.275;5.7546;143.021346339565;4532.46835443038;297.721518987342;-110.617453792634;4542.23595674872;40.5826951717881
0;242.875;5.75345;142.839926394213;4532.21518987342;313.354430379745;-97.9618439146204;4543.03483657763;41.0908935914886
0;243.475;5.75345;142.549706309853;4533.79746835443;314.240506329112;-108.899335893284;4544.6745295868;42.9790634398023
0;244.075;5.75115;142.891844524177;4531.51898734177;300.949367088607;-126.170835347612;4541.50138766796;40.2536726318021
0;244.675;5.75115;142.778302838423;4534.81012658228;269.87341772152;-142.793746795575;4542.83331696705;42.0769630304158
0;245.275;5.7546;142.278808303763;4541.58227848101;267.405063291141;-96.5702466038536;4549.44777528949;47.47259882044
0;245.876;5.75115;141.766361951816;4544.49367088608;279.746835443039;-49.8792513207911;4553.09576185962;50.3689677398561
0;246.476;5.75345;141.416731604786;4549.49367088608;265.443037974685;-12.4922238595686;4557.23081134165;54.2479330730575
0;247.075;5.75345;141.425041183276;4551.07594936709;247.721518987341;19.3322485688729;4557.8128798665;54.8538791531764
0;247.675;5.7546;142.063375237254;4549.93670886076;205.443037974686;44.6794096536846;4554.57252620824;51.7916687964935
0;248.276;5.7546;141.395728610353;4558.03797468355;148.79746835443;67.8592133618787;4560.46607982627;57.9709205479558
0;248.876;5.75345;141.509498022761;4558.16455696202;113.987341772151;83.8503647169874;4559.5895914467;57.3605258896196
0;249.475;5.7546;140.721407521532;4564.49367088608;96.8987341772156;95.9389949244206;4565.52207707335;63.5299875278715
0;250.076;5.7546;140.405488575834;4567.15189873418;77.5316455696217;103.935533109325;4567.80993717733;65.9922540116713
0;250.675;5.75115;139.728316189812;4571.51898734177;50.1898734177219;115.04914083322;4571.79449177454;70.241867628094
0;251.276;5.75115;139.613845102491;4572.27848101266;59.8734177215207;112.554362776142;4572.67048168585;71.0555111040148
0;251.876;5.7546;139.782528289851;4572.46835443038;56.3924050632888;99.0934326619149;4572.81608591643;70.8896427453092
0;252.475;5.75345;140.745421133046;4565.3164556962;79.4303797468352;73.0060078136554;4566.00739441771;63.5910045737764
0;253.075;5.75115;140.867322171011;4564.11392405063;79.746835443041;62.3384526810525;4564.81056227704;62.236198945101
0;253.676;5.75115;140.682329358401;4564.30379746835;108.037974683544;70.2483383951689;4565.58225854685;63.1226646472223
0;254.275;5.75345;140.965674598648;4563.41772151899;92.5949367088586;67.6673385494558;4564.35703285552;61.8585949713752
0;254.875;5.7546;141.184446023469;4560.94936708861;124.683544303799;61.7269466713655;4562.65329773873;60.0708225176049
0;255.475;5.75115;141.512591065273;4558.2911392405;120.189873417722;41.5321443120748;4559.87540572664;57.0645428285143
0;256.076;5.75345;141.869532577797;4554.24050632911;164.430379746836;-1.74023947674912;4557.20791047244;54.2082427409423
0;256.675;5.7546;141.003605329051;4560.69620253165;166.139240506329;-18.1329963357447;4563.7212994466;60.7573231470906
0;257.276;5.75115;141.641494734014;4551.96202531645;212.721518987341;-9.66021553095839;4556.92974760017;53.9399869130893
0;257.875;5.7546;141.795435349906;4551.70886075949;212.278481012657;11.1736994676394;4556.65619798307;53.6698978724935
0;258.476;5.75115;141.105018588639;4557.08860759494;194.493670886075;32.3207756949044;4561.23715295382;58.35166349053
0;259.076;5.75345;140.726396698565;4556.70886075949;239.430379746836;41.6313867495505;4562.99490997632;60.1848221206747
0;259.675;5.75;140.824292131513;4555.94936708861;232.215189873417;27.7503225173775;4561.86349312241;58.9478964892678
0;260.275;5.7546;141.145156371773;4554.6835443038;232.405063291137;29.1348530216233;4560.6089836989;57.7020448452613
0;268.328;5.7546;139.996595941402;4545.25316455696;387.405063291142;38.2147496325733;4561.73311505383;58.8931793793863
0;268.929;5.7546;140.165034430407;4546.51898734177;369.367088607592;39.5015498949854;4561.49832274503;58.669356808954
0;269.528;5.7546;140.76073010884;4544.36708860759;354.620253164558;7.07680013536606;4558.18250621609;55.1879997510532
0;270.129;5.75345;140.358026621381;4546.39240506329;359.683544303797;-8.1219394317523;4560.59822313478;57.6054552833502
0;270.729;5.7546;140.434289203434;4542.78481012658;383.734177215189;-8.01317641403786;4558.96323190699;55.9702741821066
0;271.329;5.7546;140.140981052549;4546.83544303797;370.379746835445;8.43156765172714;4561.89584525252;58.9036371086668
0;271.928;5.7546;140.221399260534;4547.84810126582;358.481012658227;8.68315815295607;4561.95473329401;58.9629969848638
0;272.528;5.75345;140.174175518917;4547.08860759494;364.746835443036;-0.386945460781753;4561.69431892201;58.6943353333263
0;273.129;5.75115;139.839568282894;4549.05063291139;364.303797468353;-11.2251182050274;4563.61467672736;60.6284819121856
0;273.728;5.7546;140.453636032256;4546.13924050633;358.417721518988;6.39278060879371;4560.24618383376;57.2506646909487
0;274.328;5.75345;140.598564699947;4546.20253164557;347.531645569619;9.26327314395557;4559.46660294962;56.4760128376874
0;274.929;5.75345;140.163291068348;4549.17721518987;349.556962025314;-6.30822745430599;4562.5873586051;59.5917194766271
0;275.529;5.75115;140.792571670846;4545.25316455696;337.468354430379;-36.4430296426933;4557.76383988432;54.9095333899022
0;276.129;5.7546;139.9700387312;4551.45569620253;337.21518987342;-74.205444162903;4563.93065665724;61.5338739809176
0;276.728;5.7546;141.245033295296;4541.58227848101;337.088607594938;-89.1099876431445;4554.07491391864;51.9466420015115
0;277.328;5.75115;139.167668072768;4554.81012658228;346.898734177215;-92.4317582531093;4568.00109686833;65.9361618350486
0;277.928;5.75345;140.212218525607;4546.26582278481;358.860759493672;-84.6481538390665;4560.40721604175;58.1927481826488
0;278.527;5.75575;140.663183069468;4545.06329113924;352.151898734175;-58.7317370072518;4558.68525786148;56.0635767858566
0;279.127;5.75345;140.055128579775;4549.43037974684;352.594936708859;-29.585654398558;4563.07352226064;60.1694336833862
0;279.727;5.75115;139.7045938;4550;364.177215189875;-22.9796451429074;4564.55091373329;61.6087574023622
0;279.783;5.75115;139.136687876164;4552.46835443038;376.772151898736;-28.2192015347;4568.03298724259;65.1201490188187
0;280.383;5.75115;138.708445846572;4552.6582278481;397.025316455694;-38.0479703695739;4569.93720323373;67.0955886665006
0;281.527;5.75115;140.002295215479;4531.01265822785;471.772151898735;-22.5177091828697;4555.50707082408;52.5627226013466
0;281.583;5.75345;139.172558639134;4534.81012658228;488.86075949367;9.44653429927415;4561.08405166205;58.0938340858729
0;282.183;5.7546;138.457743824017;4531.70886075949;533.92405063291;30.2141424715628;4563.05381192578;60.1538419097433
0;282.783;5.75115;138.376079103483;4531.83544303797;532.784810126583;14.1059069286044;4563.04636582589;60.0681688187715
0;283.384;5.75345;137.803871020048;4536.39240506329;534.6835443038;13.0331324532804;4567.7940567921;64.8126502524965
0;283.983;5.75115;137.708079265724;4539.6835443038;518.987341772151;1.38962672430479;4569.25317128986;66.2533826003619
0;284.584;5.75345;137.659028046857;4536.96202531646;537.025316455697;-23.0106602375761;4568.63443598609;65.6923840594154
0;285.184;5.75115;137.962411906106;4538.54430379747;513.164556962025;-41.5768708617107;4567.46343828327;64.652668082932
0;285.784;5.75345;137.977978206881;4540;509.050632911393;-23.9401167298494;4568.44968746155;65.5124139107393
0;286.384;5.7546;138.360732041497;4536.26582278481;515.379746835445;0.604378736492294;4565.4489262737;62.4489662778369
0;286.983;5.7546;138.625890005063;4534.74683544304;512.59493670886;15.2398069729454;4563.62601783935;60.651463731293
0;287.584;5.75115;138.128242592212;4532.40506329114;538.607594936708;31.1984115783426;4564.29554247648;61.4021667635398
0;288.184;5.75575;137.993025751862;4536.70886075949;528.544303797468;18.7830525677016;4567.39382672115;64.4324484806784
0;288.783;5.7546;137.429289275132;4539.24050632911;536.32911392405;6.03844769802992;4570.81538598329;67.8193746408469
0;289.383;5.74885;136.882164921533;4544.30379746835;524.556962025314;-17.3976490485591;4574.47887852753;71.5119617601767
0;289.982;5.7546;136.762389630514;4544.93670886076;533.101265822785;-21.6310192951806;4576.09513091368;73.1462551111363
0;290.582;5.7546;136.660684043392;4542.46835443038;549.430379746834;-12.7747390908185;4575.57564610074;72.5934792274784
0;291.182;5.7546;135.960359545451;4531.20253164557;625;-16.1169823225844;4574.10334194487;71.1317361779611
0;291.783;5.7546;135.828931313511;4529.43037974684;636.835443037972;12.5020977859952;4573.98064561744;70.9977316273325
0;292.382;5.75345;135.908478036486;4532.78481012658;617.594936708863;41.1236468189057;4574.66519438994;71.8500297922774
0;292.983;5.75345;135.418992259;4533.60759493671;624.936708860757;92.3346909767788;4576.47721669731;74.408591125256
0;293.583;5.75115;135.390203751534;4531.77215189873;626.20253164557;121.692823782893;4574.83206766808;73.4503264784198
0;294.183;5.75345;135.912706884057;4531.01265822785;609.746835443039;143.338194321978;4571.8559592745;71.1023983187433
0;294.783;5.75345;134.81031508895;4536.89873417722;609.87341772152;187.302193404694;4577.70638090978;78.5366223000292
0;295.382;5.75345;133.509612228023;4546.77215189873;597.848101265824;228.150186646763;4585.90878163413;88.5805406347763
0;296.528;5.7546;133.110694373663;4534.81012658228;648.797468354429;265.315279861241;4580.98690667156;85.6635567258727
0;297.128;5.75345;132.461151651319;4541.20253164557;638.101265822788;276.68893764974;4585.81439428906;91.1539402904764
0;297.183;5.7546;131.907185171303;4539.6835443038;650.253164556962;307.013787229747;4586.01742914689;93.2825550642747
0;297.782;5.75345;130.935573790858;4547.84810126582;641.139240506329;321.553040857313;4592.81851131788;101.061059107357
0;298.382;5.75115;130.232735612968;4557.72151898734;625.632911392404;313.625946876084;4600.46106216079;108.139037050557
0;298.983;5.75345;131.180202784733;4563.86075949367;597.974683544306;247.397571900339;4602.86853540334;106.512372560489
0;299.582;5.7546;132.403101334245;4553.92405063291;621.139240506327;185.673871288685;4596.08944811017;96.8383668895331
0;300.182;5.75115;132.425442894524;4549.49367088608;645.379746835443;147.384956783343;4595.04164062284;94.4047031497967
0;300.784;5.75115;131.830578257901;4549.87341772152;661.708860759493;154.841796531465;4597.7393068438;97.3459343455479
0;301.384;5.75345;130.833358906719;4549.05063291139;697.40506329114;161.77943400155;4602.19898343125;102.041592468142
0;301.984;5.75345;129.436657232576;4548.16455696203;737.59493670886;185.595288268103;4607.58582425375;108.322233252785
0;302.582;5.75345;129.126743640547;4542.27848101266;768.607594936709;180.042661452834;4606.84831897742;107.365147578667
0;303.183;5.7546;129.13391252043;4539.93670886076;778.481012658228;175.142332421734;4606.19778206829;106.526314507489
0;303.782;5.75345;129.833485980333;4540.50632911392;758.037974683543;163.496327774386;4603.34870456127;103.251224692553
0;304.383;5.75345;130.032588592736;4535.3164556962;769.050632911393;168.686897405902;4600.0580680346;100.149953960507
0;304.983;5.7546;129.819859868291;4536.89873417722;766.39240506329;187.343153565168;4601.17457207586;101.986959797526
0;305.583;5.75345;129.968822614168;4533.48101265823;768.164556962025;205.517774226679;4598.10035544086;99.6909992121382
0;306.183;5.75115;130.202685168217;4539.17721518987;740.126582278482;203.187844837447;4599.12134528913;100.607547237689
0;306.783;5.75345;129.912440932416;4545.6329113924;722.405063291142;221.405077483135;4602.67831165751;105.000417636459
0;307.383;5.75345;129.80826474771;4542.97468354431;724.367088607594;254.487244574157;4600.36157865687;104.395187308472
0;307.983;5.75345;130.548267008139;4530.69620253164;740.126582278482;271.747369475186;4590.75107552456;95.7870216228293
0;308.527;5.75;133.679765015794;4510;718.354430379745;274.734949070406;4566.85155086589;72.1079090975481
0;309.127;5.7546;134.377134588937;4504.43037974684;721.392405063289;277.668181904681;4561.83077810535;67.2734783939868
0;309.728;5.75345;133.419232959822;4506.45569620253;733.734177215191;295.273559968953;4565.7977161335;72.3355352221588
0;310.327;5.7546;132.434665805563;4512.9746835443;725.822784810124;328.500438812754;4570.9691761443;79.7580939387917
0;310.927;5.7546;131.966710152465;4513.03797468355;724.367088607594;360.068360157503;4570.80074385152;81.9611409454837
0;311.528;5.75345;131.703822209641;4514.62025316456;732.974683544305;344.341023712953;4573.73457002049;83.6783904708391
0;312.127;5.75345;132.468399783354;4515.94936708861;709.367088607597;336.188400363755;4571.32369806685;80.669162695619
0;312.727;5.75345;132.560079176491;4521.01265822785;688.797468354429;333.724741203409;4573.18241580936;82.3429109674207
0;313.327;5.75115;132.042747045636;4522.15189873418;690.759493670885;348.874027981049;4574.60451550968;84.8883553026108
0;313.928;5.7546;131.872044561055;4518.41772151899;723.48101265823;326.941954768418;4575.97240833179;84.6371394871239
0;314.527;5.75345;131.864152832421;4519.05063291139;719.620253164557;328.56963747065;4575.98862887371;84.769603876056
0;315.127;5.75345;131.687586383671;4514.3670886076;740.822784810126;330.182938575543;4574.74902144339;83.649036292577
0;315.727;5.7546;131.14868819408;4515.18987341772;746.582278481016;347.643653297039;4576.49698913436;86.6819934755349
0;316.327;5.75575;130.715668640107;4510.3164556962;764.620253164558;373.062964135627;4574.66924072915;86.8556227056906
0;316.927;5.7546;130.986884134459;4504.49367088608;763.607594936709;397.133517526349;4568.75910834635;82.986788123204
0;317.527;5.75345;130.620874830977;4496.07594936709;780.949367088607;434.401542298194;4563.39575934778;81.0250388042514
0;318.128;5.75345;129.872260923057;4484.93670886076;824.493670886075;456.525100142609;4560.09288236742;79.8879827984229
0;318.728;5.75345;128.359476976709;4473.41772151899;883.354430379746;482.199671907191;4559.80056152368;82.226023268543
0;319.328;5.75345;127.537846200281;4468.67088607595;911.835443037974;491.470125689392;4560.75249966966;84.1566626493386
0;319.928;5.7546;127.660793206214;4468.41772151899;909.6835443038;492.80247514195;4560.0746797352;83.6257057087287
0;320.528;5.75575;127.824680907693;4465.50632911392;915.886075949367;490.483822738488;4558.46400440701;81.7757262316109
0;321.128;5.7546;127.487826348813;4466.13924050633;912.531645569617;506.75763976665;4558.41131533306;83.4928894764789
0;321.728;5.75115;127.419109005374;4468.10126582278;898.92405063291;519.602458464309;4557.63023625803;84.1538109480916
0;322.327;5.75115;127.260324599561;4466.39240506329;899.936708860759;532.738943362972;4556.15486962002;84.1950010586743
0;322.927;5.7546;127.821257197883;4470.82278481013;869.620253164558;543.046575959479;4554.6125804388;83.8720650954156
0;323.528;5.75115;127.555951683111;4470.06329113924;855.822784810126;574.155939120169;4551.25240629332;84.3253109211373
0;324.128;5.75115;127.579932891187;4473.73417721519;842.088607594937;577.329464279626;4552.29730042145;85.7601835081605
0;324.728;5.75345;127.578464986131;4473.98734177215;838.98734177215;583.402986876955;4551.9734724613;86.2070708444071
0;325.328;5.75;127.183644096952;4473.03797468354;851.139240506328;580.942285240803;4553.29624883894;87.2070398263695
0;325.928;5.75345;126.893380283774;4472.08860759494;863.227848101266;582.262492078428;4554.63926474073;88.7064846960056
0;326.528;5.75345;127.078362318273;4487.27848101266;829.240506329112;557.818143460063;4563.25629167333;94.2240607424665
0;327.128;5.75115;129.247409651296;4493.92405063291;768.54430379747;524.883848729079;4559.16809514153;86.2828170001785
0;327.182;5.75115;128.225649491834;4506.32911392405;771.012658227849;502.667507365365;4571.81174176574;96.3626977123677
0;335.277;5.75115;130.369173436923;4535.88607594937;603.354430379744;484.839314955783;4575.83861851029;98.4528383953902
0;335.878;5.75345;130.050827495605;4541.32911392405;583.417721518985;497.106333039987;4578.65115058536;102.557628029973
0;336.478;5.75115;129.724788083185;4540.75949367089;582.405063291139;512.349816235621;4577.95723408481;103.538263306418
0;337.079;5.75;129.062511282189;4549.43037974684;554.810126582276;525.252546133661;4583.13550494873;110.135733309998
0;337.679;5.7546;128.62674191558;4560.94936708861;521.329113924052;525.985518040956;4590.64735894305;117.68219415268
0;338.278;5.75115;129.164928327773;4556.83544303797;530.12658227848;510.456426043908;4587.56835896375;112.880112292222
0;338.879;5.75575;130.837570585474;4553.41772151899;548.98734177215;436.975593345897;4586.39292342787;104.16265365672
0;339.479;5.75115;132.182250809777;4558.48101265823;510.506329113922;374.540000831722;4586.97785637024;99.2435905820957
0;340.079;5.75345;133.185755214317;4557.0253164557;519.746835443037;313.915420557277;4586.56914346347;94.2991417825797
0;340.679;5.75345;130.980842927146;4556.45569620253;538.607594936708;420.439167993772;4588.17901272171;104.402277505546
0;341.278;5.75;128.514507150299;4558.67088607595;549.177215189875;507.62002861086;4591.63106763165;116.605389498876
0;341.879;5.7546;127.626795466134;4556.32911392405;540.37974683544;570.675579224101;4588.26168229122;120.615023107418
0;342.479;5.7546;126.645950662314;4562.40506329114;530.569620253163;590.360675223018;4593.15186810541;127.936169969305
0;343.079;5.75575;126.621327073152;4554.30379746835;551.518987341772;609.265601673315;4587.5762961539;124.857046886335
0;343.679;5.7546;125.069641000053;4566.26582278481;539.493670886076;625.263602128758;4598.02533543028;137.343905079214
0;344.279;5.75345;124.499588774286;4569.43037974684;524.050632911391;644.661574219983;4599.38290004302;141.341891644491
0;344.877;5.7546;124.705318145663;4564.74683544304;511.329113924051;667.404321604285;4593.29632556333;138.529883877693
0;345.477;5.75805;123.299685520174;4563.48101265823;532.46835443038;707.407500895675;4594.44028161886;145.58116780652
0;346.078;5.75345;122.150304946292;4561.20253164557;555.632911392405;731.575414511559;4594.92072476907;149.794757350694
0;346.677;5.75345;121.13539969942;4553.16455696203;568.164556962027;781.945655973245;4588.47670219247;151.627531334648
0;347.277;5.75345;123.578722686311;4553.16455696203;545.949367088606;721.41743166967;4585.77890812451;139.177431434144
0;347.877;5.75345;125.886372445048;4536.89873417722;586.772151898732;672.640874706246;4574.68596544317;120.872557580741
0;348.478;5.7546;126.449696234444;4536.32911392405;596.898734177218;647.604055931113;4575.43111943534;118.034618129986
0;349.077;5.75345;127.622935635522;4528.86075949367;582.215189873418;649.039148277466;4566.13121867965;109.028417323299
0;349.623;5.75345;129.12566089419;4514.3670886076;563.037974683545;672.284871321975;4549.34302637635;95.7486254249179
0;350.223;5.7546;128.489132964385;4515.88607594937;547.59493670886;700.586588975955;4548.9655159896;99.5980526562953
0;350.822;5.75115;128.175663810036;4502.46835443038;576.139240506326;733.013649670767;4539.18029021741;94.9850714961967
0;351.423;5.7546;127.481288801225;4503.48101265823;573.73417721519;755.155805401908;4539.88018977131;99.257318741551
0;352.077;5.75115;125.919850728222;4510.75949367089;623.227848101264;734.16170425886;4553.61001408673;109.413421235269
0;352.677;5.7546;126.951572311884;4503.54430379747;647.405063291138;709.646647137812;4549.84006446838;101.84994066425
0;353.278;5.7546;127.142856370928;4500.69620253164;651.898734177216;709.818956218987;4547.66294563533;99.7254119393692
0;353.878;5.7546;125.887586242721;4507.3417721519;626.455696202533;747.413267441348;4550.66770818196;108.637798292205
0;354.479;5.75345;125.523575863159;4509.81012658228;618.734177215187;755.322872537493;4552.056607719;111.296479600818
0;355.078;5.75;124.837148499723;4509.43037974684;634.810126582277;760.875135244871;4553.89352604945;114.020383107378
0;355.678;5.75;124.117288250674;4509.93670886076;662.468354430379;757.280632465883;4558.33230892083;117.808088944989
0;356.279;5.7546;124.924476719278;4502.08860759494;701.708860759493;727.544083753672;4556.44567134345;111.164881071057
0;356.878;5.75115;125.553775856313;4505.88607594937;705.189873417725;686.82347693586;4560.73481875512;109.160944229458
0;357.479;5.75;127.613877741858;4502.9746835443;719.810126582281;609.799487113649;4560.14337701912;97.7350536034328
0;358.078;5.75345;126.192782984643;4507.59493670886;716.582278481013;648.810626181299;4564.19787862845;107.082158044709
0;358.677;5.7546;126.21437697812;4503.54430379747;729.303797468356;651.098842611075;4562.21386228971;105.440628685355
0;359.277;5.75345;125.044073132108;4494.74683544304;760.000000000002;688.905102498173;4558.54682050379;107.307945785533
0;359.878;5.75345;125.894243527495;4496.01265822785;757.784810126583;658.034516235466;4559.42624037319;103.666589407233
0;360.477;5.75575;126.173422143985;4492.6582278481;771.265822784809;648.101104805343;4558.38007647971;101.222405976614
0;361.077;5.7546;126.438802696385;4503.86075949367;733.860759493673;636.82158040946;4563.25688025905;104.478169292474
0;361.678;5.75345;127.15921129399;4501.45569620253;731.582278481014;622.441611228864;4560.51707759786;99.7980158215596
0;362.278;5.75345;128.431125328264;4509.87341772152;696.075949367088;581.644917865632;4563.27513647363;97.1946460598147
0;362.877;5.75575;128.966931626044;4507.91139240506;712.848101265821;551.642260332667;4563.92567174945;94.1433217421636
0;363.478;5.75;128.128380414055;4512.84810126582;711.392405063292;556.895437555876;4568.57495714805;99.3917333763347
0;364.078;5.75115;127.625725277905;4514.24050632911;709.050632911394;574.566559394556;4569.58643085067;102.566944491098
0;364.678;5.75345;127.218522808461;4513.86075949367;704.430379746835;599.901259660753;4568.49659253535;104.715555169353
0;365.278;5.75345;125.614474998707;4521.70886075949;709.493670886075;620.105717989426;4577.03313189869;115.848708496684
0;365.878;5.75345;125.652851297143;4515.18987341772;727.215189873418;625.26620203887;4573.37747462382;112.922372485123
0;366.478;5.75575;124.88889338699;4516.45569620253;752.911392405064;619.954127655284;4578.78232945984;117.561734353352
0;367.022;5.75345;127.200601310194;4501.45569620253;741.898734177214;608.594169110705;4562.18337165967;99.5975252376256
0;367.677;5.75115;124.920149844403;4519.05063291139;761.645569620256;591.698794852083;4582.78546263503;117.825690325098
0;368.277;5.75345;127.634453787147;4513.98734177215;736.075949367088;543.213450051125;4573.60793301261;102.754050883777
0;368.823;5.75345;128.685746013827;4501.89873417722;755.822784810127;530.575452829138;4564.90528870255;92.6360393278965
0;369.422;5.7546;129.057312524606;4493.54430379747;780.886075949368;520.794797110918;4560.8906447976;87.5283676827521
0;370.022;5.75345;128.476872227885;4496.96202531645;768.670886075948;544.530807471616;4562.18394940834;91.5659412532914
0;370.623;5.7546;126.627266803022;4496.58227848101;754.6835443038;635.131752735242;4559.47359233414;100.497776965356
0;371.222;5.7546;126.261323037068;4502.91139240506;709.303797468354;673.672209198448;4558.43425804896;104.94500080032
0;371.822;5.7546;125.183267228789;4513.35443037975;661.20253164557;717.619563181864;4561.53011631876;114.63303430928
0;372.423;5.75345;123.088197035423;4520.94936708861;636.012658227847;776.98297939981;4565.46769577936;128.111943311449
0;373.022;5.75;124.889205575165;4523.79746835443;615.949367088609;725.39020256321;4565.53799212172;119.80522015383
0;373.623;5.75115;126.865595779448;4528.60759493671;588.860759493673;667.58006742518;4566.73228282433;112.268885927808
0;374.222;5.7546;128.999901724064;4532.40506329114;557.784810126582;609.073134204791;4566.59824729033;104.036969133756
0;374.823;5.75345;131.806144938259;4527.72151898734;557.468354430379;521.62839328315;4561.9111257994;88.636886816239
0;375.423;5.75345;128.620101601466;4530.44303797468;551.265822784809;635.377953292735;4563.85890751499;104.875136246028
0;376.023;5.7546;128.013082791245;4531.51898734177;543.860759493668;659.333663833491;4564.03865653612;108.417324274625
0;376.623;5.75;127.497736656076;4532.21518987342;534.050632911392;677.115718948701;4563.57147482456;110.531218348891
0;377.222;5.75345;127.13564358698;4531.07594936709;526.455696202531;702.410017577235;4561.55728441472;112.320648859602
0;377.823;5.75345;127.941639087329;4533.22784810127;481.708860759493;700.841783535851;4558.74962564682;109.307161810101
0;378.423;5.7546;128.267913609135;4539.62025316456;437.658227848103;696.59763365279;4560.66845619641;110.560992395748
0;379.023;5.7546;128.850407662237;4540.69620253165;409.177215189875;691.260458020513;4559.09508533391;108.202556593949
0;379.622;5.75345;128.928408499697;4538.16455696203;436.898734177216;680.19347732263;4559.14663615813;106.607490511989
0;380.222;5.75115;128.671588463364;4541.32911392405;434.367088607595;675.68224031507;4562.05489759162;108.820831137831
0;380.823;5.7546;128.983629984047;4545.56962025316;413.734177215188;665.264036826697;4564.35966395774;109.586625816298
0;381.422;5.75345;129.257555390245;4544.30379746835;415.696202531645;658.738694311126;4563.27736791054;107.578814407934
0;382.023;5.7546;128.843675929665;4547.15189873418;431.582278481014;652.203178435791;4567.58729016323;110.916193346216
0;382.622;5.7546;128.823739978515;4549.6835443038;439.620253164559;637.116459163786;4570.87369332179;112.062697606461
0;383.223;5.7546;129.789482045809;4543.79746835443;445.632911392405;623.638514639808;4565.59789350094;104.99404536099
0;383.821;5.75345;129.651943579676;4551.45569620253;428.860759493672;606.381621740351;4571.61574342463;108.655795558946
0;384.422;5.75115;129.638433857267;4553.35443037975;438.860759493669;588.618987611318;4574.45464890431;109.169516340309
0;385.021;5.75345;130.836270546527;4548.41772151899;457.594936708862;553.511079257989;4571.3780083832;101.766162400749
0;385.621;5.75115;131.120232949129;4548.79746835443;444.177215189872;548.645571241757;4570.43234350991;100.244917386504
0;386.221;5.7546;130.774388873407;4550.18987341772;445.126582278482;559.017227482649;4571.91049326254;102.959815177124
0;386.822;5.75345;129.972422594373;4549.6835443038;481.392405063294;561.370826432658;4575.08021798103;106.392173132056
0;387.476;5.7546;127.723795955103;4563.03797468354;501.898734177216;570.945264982429;4590.5574713506;122.926544312896
0;388.078;5.75345;128.883816943465;4554.62025316456;487.911392405064;575.197253758874;4580.67933579457;113.651931660776
0;388.622;5.7546;129.068337964274;4553.41772151899;479.746835443041;581.778292951913;4578.62096845336;112.434535871007
0;389.222;5.75;129.246845695627;4555.25316455696;430.632911392403;599.448820204992;4575.56292685179;111.663041395946
0;389.823;5.75115;129.146683377754;4553.54430379747;439.177215189875;605.752603186173;4574.67401603527;111.604920169779
0;390.422;5.7546;129.992148497334;4552.9746835443;420.949367088605;594.106598914163;4572.39290073017;107.828503590325
0;391.078;5.75345;130.262435415197;4555.69620253164;417.088607594935;573.026441117381;4574.74926048923;107.49781461464
0;391.678;5.75;129.041005217121;4556.51898734177;443.354430379747;592.159612755509;4578.03761812236;113.176062491789
0;392.277;5.75345;129.88651367076;4551.51898734177;431.518987341775;595.60466821035;4571.92888489849;107.561641423211
0;392.877;5.75345;130.391441044704;4554.55696202532;391.708860759495;590.987945154048;4571.37013945828;106.413379514599
0;393.478;5.75575;130.734966425082;4560.12658227848;383.037974683546;560.79266373159;4576.18536954662;107.418738915986
0;394.078;5.75345;132.255617005883;4558.35443037975;402.658227848099;489.256371187669;4576.10410299159;99.1843246619483
0;402.153;5.75345;132.868134866595;4571.51898734177;366.39240506329;412.91244920228;4586.17806524282;101.728649640567
0;402.753;5.7546;133.693977758687;4574.11392405063;372.341772151898;343.980312603726;4589.24357443393;99.1168000108428
0;403.353;5.7546;134.324040731297;4569.30379746835;409.430379746835;297.302921226888;4587.61053593462;94.2338918515334
0;403.954;5.7546;134.02004285863;4574.30379746835;396.265822784808;291.564598648995;4591.43570507534;97.6838349343325
0;404.553;5.7546;133.553031658105;4584.17721518987;352.468354430381;290.675273298666;4597.70754628226;103.886887655057
0;405.154;5.75;132.740172817324;4582.9746835443;403.164556962026;285.330706057378;4600.67371262062;106.513230463451
0;405.754;5.7546;132.796327038109;4582.9746835443;409.177215189875;283.431103042847;4601.20451006457;106.925827343715
0;406.355;5.75345;132.942520871035;4580.75949367089;414.936708860758;282.261477967976;4599.51410599165;105.16683217533
0;406.954;5.75345;132.939483352229;4575.56962025316;446.708860759497;283.485671655449;4597.32380369979;103.055827071429
0;407.555;5.75115;133.138152567738;4574.6835443038;433.607594936709;291.583240142736;4595.18716451362;101.428939927609
0;408.155;5.75345;132.938608746761;4573.60759493671;456.898734177215;285.900681767194;4596.37279664688;102.255919662925
0;408.754;5.75575;133.808923200598;4569.93670886076;445.822784810129;278.041076222502;4591.63146152312;97.0419909513812
0;409.354;5.7546;134.437796220063;4565.56962025316;437.531645569621;282.541720600587;4586.48666173287;92.1811413842461
0;409.954;5.75115;134.037162744908;4564.6835443038;438.354430379746;310.177537227372;4585.68320605245;93.1615040022116
0;410.554;5.7546;133.842116659615;4565;440.18987341772;325.313298381759;4586.17401813969;94.697343971603
0;411.153;5.75345;134.541871606866;4565.12658227848;407.025316455695;319.415432701109;4583.23579149726;91.3526790081223
0;411.753;5.75115;134.117825451555;4568.03797468355;390.316455696201;338.508187758787;4584.68296327436;94.1627844702143
0;412.353;5.75345;133.300427959297;4570.94936708861;392.215189873418;367.98962654775;4587.74572874905;99.4805525826978
0;412.953;5.75345;132.944325574966;4571.64556962025;388.291139240506;387.318804943086;4588.10562466048;101.42494560436
0;413.553;5.75345;131.836938162631;4575.56962025317;406.455696202533;402.954223391541;4593.58722381095;108.227134820867
0;414.153;5.75345;131.214234011726;4576.83544303797;417.341772151898;416.842451984813;4595.82384643183;111.688988134326
0;414.753;5.75115;130.476876640857;4583.79746835443;389.746835443039;433.498723812628;4600.3371427136;117.716716070951
0;415.353;5.75115;130.739619074996;4581.26582278481;394.303797468356;431.710970249121;4598.20312988826;115.424664920669
0;415.954;5.75345;131.11645401797;4578.73417721519;385.379746835443;439.89612386761;4594.92374418438;112.932496761966
0;416.553;5.75115;131.153779130364;4576.51898734177;380.632911392402;451.965447177859;4592.3204869363;111.507581549466
0;417.153;5.75345;130.589780519545;4575.94936708861;391.708860759491;476.049374043264;4592.68423057324;114.290487751784
0;417.753;5.75345;130.315875956352;4572.84810126582;413.037974683545;487.952650250598;4591.46383256812;114.319342937816
0;418.353;5.7546;130.210142941641;4576.58227848101;389.93670886076;492.855774003428;4593.16404982705;116.530582493435
0;418.953;5.75345;130.00448448876;4580.94936708861;369.050632911394;492.853879629251;4595.79106068605;119.142405870616
0;419.553;5.75345;129.96054446851;4581.96202531646;372.341772151898;486.809373250742;4597.0658464646;119.769490534444
0;420.153;5.75115;129.924989421314;4582.0253164557;376.582278481012;481.574285734366;4597.47432979314;119.627392056105
0;420.753;5.75345;130.670746794433;4576.45569620253;379.936708860759;478.995908395298;4592.199760686;114.113353850433
0;421.354;5.75345;130.95409583688;4572.40506329114;406.898734177217;466.338363431699;4590.47433743894;111.100791258642
0;421.954;5.75345;131.749448716792;4564.93670886076;442.215189873416;439.010839530764;4586.30585875596;104.269467622313
0;422.553;5.75575;132.220032722165;4563.16455696203;444.113924050633;428.072570636472;4584.72550448226;101.666554396899
0;423.154;5.75345;132.153501383166;4565.3164556962;404.810126582279;452.648625569175;4583.22872866215;102.526718787304
0;423.754;5.75115;131.816533742428;4565.88607594937;409.936708860758;457.331192498996;4584.25171252844;104.007226329523
0;424.354;5.75345;132.551032544508;4561.32911392405;413.291139240508;449.566434329119;4580.01450339471;99.0259484471926
0;424.954;5.7546;133.587052938607;4555.94936708861;425.632911392406;421.535171760553;4575.78823928025;92.1637524430689
0;425.554;5.75;132.965384969273;4558.22784810127;426.708860759495;430.079915211621;4578.15700550523;95.3138540692289
0;426.154;5.75345;132.123118685444;4558.67088607595;457.784810126582;442.681842638518;4581.59875806897;99.9354105549792
0;426.753;5.7546;132.429118379394;4553.16455696203;455.949367088608;464.025323950725;4575.93676837035;96.4039624054849
0;427.353;5.7546;132.621514146725;4549.17721518987;453.987341772152;479.618420413853;4571.77403659586;93.8632425701226
0;427.953;5.75115;132.591679462174;4543.54430379747;463.924050632914;497.430368177922;4567.16765242158;91.176459008916
0;428.554;5.75345;132.114811861358;4551.20253164557;444.303797468357;498.205186267998;4572.83832520917;96.8976897455195
0;429.154;5.75345;132.281935692497;4552.08860759494;447.594936708861;483.084993971825;4574.0410928153;96.4807348399418
0;429.753;5.75345;132.54974751962;4556.51898734177;435.443037974683;457.182569179337;4577.27822197064;97.0534586989452
0;430.354;5.7546;132.916453875702;4553.03797468354;448.670886075949;449.08640227835;4575.09129558336;94.0793945323494
0;430.953;5.75345;132.681732317689;4551.13924050633;455.759493670887;462.464612866834;4573.90261183463;94.2229248429694
0;431.554;5.75;132.268895337989;4551.70886075949;471.518987341771;457.518465058005;4576.06640123811;95.8810437332822
0;432.154;5.75345;133.302028822641;4548.92405063291;476.075949367088;424.521220772729;4573.76850397922;90.4275432272452
0;432.754;5.75115;133.761103084849;4546.89873417722;473.417721518988;413.432913025964;4571.47814584196;87.1349883727535
0;433.353;5.75345;133.657739666811;4552.21518987342;447.911392405063;416.646914879144;4574.19804450578;90.1342678000192
0;433.953;5.75345;132.494460383364;4556.20253164557;482.40506329114;412.278333868799;4581.66958154584;97.1814724030237
0;434.553;5.75345;133.336596614311;4553.98734177215;466.455696202532;401.0746556898;4577.81406629199;92.3500960185247
0;435.154;5.75575;132.970307338418;4555.44303797469;485.632911392405;391.889439652396;4581.25535163229;94.9862907332126
0;435.753;5.75115;133.701755523249;4551.13924050633;477.215189873419;383.750998459409;4576.09033170483;89.1528233216532
0;436.353;5.75345;133.853290674784;4553.41772151899;467.151898734175;375.867922214807;4577.31841181429;89.7247400736069
0;436.953;5.75115;133.219555424155;4557.40506329114;480.506329113923;362.260745466039;4582.66595370318;93.9620501953095
0;437.552;5.75345;133.852358744621;4557.9746835443;477.025316455695;328.123940080833;4582.86879240181;91.6002751517608
0;438.152;5.75345;133.912336846475;4562.59493670886;461.962025316454;307.478200943916;4585.92209586205;93.218479725645
0;438.753;5.75345;133.380105606427;4564.05063291139;460.696202531645;332.550940754617;4587.24309044179;96.2813894132132
0;439.352;5.75115;133.469179941037;4564.11392405063;434.050632911393;356.643408198532;4584.70673692916;95.5574242641696
0;439.953;5.75345;132.744756684736;4569.17721518987;421.392405063288;380.833147922624;4588.56753059768;101.344238804476
0;440.553;5.75115;132.908334344396;4567.6582278481;429.367088607594;369.131062220219;4587.79443558752;99.620506222911
0;441.153;5.75345;133.882635857962;4561.45569620253;430.189873417723;360.902299393753;4581.69634476246;92.8885827788927
0;441.754;5.7546;133.90849043156;4559.05063291139;450.506329113924;354.500798423531;4581.25513653425;91.950428688473
0;442.354;5.75345;134.504230890983;4557.02531645569;426.139240506329;362.081716620628;4576.90663954569;88.2065469360414
0;442.953;5.75345;134.287099465825;4555.82278481013;423.797468354428;385.608347951419;4575.49183594275;88.7120269882498
0;443.554;5.7546;134.44088691812;4553.16455696203;417.911392405064;403.598153944483;4572.30329425741;87.0815771121679
0;444.153;5.75;134.118435555483;4555.3164556962;414.62025316456;401.997906577722;4574.1466926489;88.7774644209112
0;444.753;5.7546;133.885869482388;4553.92405063291;445.25316455696;398.391972582415;4575.6392601997;89.9501198357211
0;445.353;5.75345;133.576188174114;4547.15189873418;475;423.08871701065;4571.89407031285;88.4289118556053
0;445.954;5.7546;133.634754344547;4554.74683544304;434.93670886076;417.219179573793;4575.46595175759;91.448880931991
0;446.554;5.75345;133.999253597543;4555.3164556962;435.759493670889;391.53563480763;4576.11126917396;89.8307721039664
0;447.153;5.75345;134.667224311775;4553.79746835443;435.696202531646;365.035533314176;4574.59315827011;86.1342870168519
0;447.753;5.7546;134.014529952925;4558.67088607595;423.607594936708;383.032743765242;4578.31012951772;91.3049229280459
0;448.353;5.7546;134.27682460216;4553.54430379747;449.177215189876;375.075266992916;4575.64486136021;87.9919792134151
0;448.952;5.75;134.735184422898;4544.62025316456;480.316455696202;365.849773415226;4569.93185322123;81.5526717220746
0;449.553;5.75345;135.800211666749;4550.37974683544;408.354430379747;356.587116130037;4568.6660176928;79.5608073009689
0;450.152;5.75345;135.678318888172;4553.79746835443;386.518987341774;362.363948081911;4570.17158434636;81.514798889456
0;450.753;5.75345;135.155278353988;4558.10126582278;396.645569620253;349.588619125883;4575.32674870272;85.662883675046
0;451.352;5.7546;134.559805821573;4561.45569620253;429.810126582278;321.614226632875;4581.66070473701;89.9348486674471
0;451.952;5.75115;134.239858856841;4570.88607594937;401.265822784812;292.281255480644;4588.46529678965;94.764903966744
0;452.553;5.75115;133.39877877464;4578.92405063291;404.050632911393;275.263998174357;4596.71647759796;101.950884006425
0;453.153;5.75;133.465790312241;4584.81012658228;351.582278481013;281.451213986061;4598.27076142253;103.876249825637
0;453.753;5.7546;133.868494727099;4581.39240506329;343.734177215192;303.512301789723;4594.26920780198;101.283795672798
0;454.352;5.75115;133.826127249515;4584.05063291139;346.392405063292;270.315604760908;4597.11952241628;102.06008967941
0;454.952;5.75115;134.933711324183;4581.89873417722;322.278481012657;231.839556251568;4593.2188527849;96.0661018756318
0;455.553;5.7546;135.263863395116;4587.08860759494;263.544303797468;225.219565851426;4594.65314185863;97.1697084818134
0;456.153;5.7546;134.430177342279;4586.51898734177;285.886075949367;277.254457226583;4595.42024951672;100.776417651092
0;456.752;5.75345;134.321836100014;4583.22784810126;295;304.057569878594;4592.71189033353;99.7658547238116
0;457.353;5.75345;134.413791360712;4582.3417721519;308.734177215193;291.619590595977;4592.7304415771;98.9794539533004
0;457.954;5.75345;133.852980028183;4588.73417721519;314.683544303796;265.788135538256;4599.51161344314;104.184651735944
0;458.554;5.75345;133.900859542455;4586.58227848101;333.987341772151;260.246275364322;4598.72640431458;103.084309430419
0;459.154;5.75115;135.10953786381;4586.45569620253;239.177215189873;261.294526418857;4592.68783976166;97.1148271571547
0;459.754;5.75115;135.727643782322;4581.26582278481;245.759493670885;259.218164631703;4587.85290389149;92.1701083442567
0;460.354;5.75345;135.565747902234;4578.60759493671;311.708860759494;233.922078864464;4589.20580517894;92.1637034243267
0;460.952;5.75345;135.881027454647;4577.53164556962;310.253164556965;219.593838765024;4588.03367384209;90.2858006368915
0;468.941;5.7546;134.942700848804;4585.37974683544;315.443037974682;208.620215955957;4596.21711115732;97.9492637281792
0;468.996;5.75115;136.060689286696;4574.93670886076;327.278481012658;201.99234824359;4586.62807454623;88.0737309440628
0;469.596;5.75;136.193431460221;4574.93670886076;314.936708860759;204.057878687389;4585.76395169548;87.3018025533092
0;470.195;5.75345;135.882362780066;4576.20253164557;328.101265822783;209.674382177316;4587.94943861349;89.7381155270841
0;470.795;5.75345;136.332560508702;4574.87341772152;303.164556962023;219.285531407494;4584.90736403397;87.1483288732197
0;471.396;5.75115;136.205618974369;4576.32911392405;292.278481012658;221.129456207258;4585.65315624851;87.9817148203128
0;471.996;5.7546;136.966224802969;4572.78481012658;288.924050632911;207.426998860474;4581.90331922865;83.596122029363
0;472.596;5.75115;137.115239307071;4574.11392405063;274.050632911391;182.787897475768;4582.3162199474;82.9604615670878
0;473.196;5.75115;137.393347998124;4575.25316455696;252.974683544305;163.855969521726;4582.24155957571;82.1702791772877
0;473.795;5.7546;137.435723923312;4578.2911392405;230.06329113924;155.897179184106;4584.06793945922;83.7180863941812
0;474.396;5.75805;137.466069130826;4578.86075949367;224.81012658228;164.22193160294;4584.37623323445;84.3166765184515
0;474.995;5.7546;136.924356907912;4580.56962025317;217.025316455695;197.337969970612;4585.70801883078;86.9521030573997
0;475.597;5.75345;136.513909234954;4577.40506329114;258.164556962026;228.216492615584;4584.67949282333;87.3560667356214
0;476.195;5.75345;136.474715433007;4577.78481012658;256.898734177213;228.713055610343;4584.98753841791;87.6884439323621
0;476.796;5.75115;135.69644603658;4582.08860759494;260.253164556963;238.137632646487;4589.4735773848;92.6476420190966
0;477.396;5.75115;135.177020849033;4589.24050632911;214.556962025316;247.934901953413;4594.25327065079;97.9384728000969
0;477.995;5.75;135.228608568624;4589.81012658228;190.822784810126;253.504278215752;4593.77517226082;97.7645834527984
0;478.595;5.75345;136.417221059598;4583.54430379747;202.974683544303;219.677406037512;4588.03630184354;90.292421537898
0;479.196;5.7546;135.942965814502;4586.13924050633;210.063291139242;229.405928968599;4590.94758406107;93.6756248230258
0;479.796;5.7546;135.194941726817;4590.37974683544;223.734177215188;234.856063773104;4595.82889174643;98.8257868917826
0;480.395;5.75345;134.717584903839;4593.73417721519;223.734177215191;235.797214791244;4599.17934777163;102.219972973318
0;480.995;5.7546;134.967148063517;4592.46835443038;237.215189873417;217.32936724665;4598.59072246609;100.723350356641
0;481.595;5.75345;135.116487608542;4588.29113924051;282.658227848102;196.03878029971;4596.98936829347;98.1675100548737
0;482.195;5.75115;135.226453086733;4587.0253164557;275.189873417722;204.254884270866;4595.27264917297;96.8098632427891
0;482.795;5.75345;135.310559838122;4585.25316455696;285.126582278481;212.88827747326;4594.1096799055;96.039592098221
0;483.396;5.7546;135.359295245109;4585.18987341772;260;242.603273741365;4592.5555168438;95.958852144955
0;483.995;5.7546;134.690921329451;4588.03797468354;278.164556962024;248.815836670432;4596.46255047163;100.192077077183
0;484.595;5.75575;134.772416606008;4592.15189873418;239.87341772152;239.792403659952;4598.41258670612;101.660542801208
0;485.195;5.75575;135.491905709222;4591.83544303797;216.39240506329;198.699630005016;4596.93141224761;98.2237450348957
0;485.795;5.75345;135.358502070749;4592.59493670886;223.987341772151;185.823816416864;4598.05378197755;98.8071529243543
0;486.395;5.75;135.987540764326;4587.3417721519;212.088607594937;192.795761339024;4592.24194832995;93.2872318417585
0;486.995;5.7546;136.168496208779;4587.6582278481;200.12658227848;197.464517978133;4592.02119599603;93.2648857890235
0;487.595;5.75345;135.423034850555;4593.73417721519;197.025316455696;192.233603592453;4597.95744502267;98.9741877361212
0;488.195;5.75345;136.317353228068;4590.37974683544;166.012658227847;169.96558879998;4593.38071825631;93.5242003306166
0;488.795;5.75345;136.092203820128;4594.17721518987;175.822784810124;119.466938614147;4597.5404224681;96.0923328032895
0;489.394;5.75345;136.212869876757;4591.77215189873;214.620253164555;84.7091138546782;4596.78511005476;94.5655495045621
0;489.995;5.7546;135.654869528727;4593.10126582278;255.949367088606;74.0508048892386;4600.22709402655;97.8230609664479
0;490.594;5.75115;135.910014359719;4590.56962025316;255.949367088606;62.3087929226498;4597.69937217565;95.1215623969556
0;491.195;5.75345;135.950682587135;4590.63291139241;261.898734177214;43.0139772035128;4598.09759293153;95.2987806750452
0;491.795;5.75345;136.411274248726;4584.93670886076;284.746835443039;32.536203950836;4593.77027990666;90.8855002188811
0;492.395;5.75;136.449388278473;4584.87341772152;275.569620253164;17.6768661002421;4593.14738193059;90.1813967805583
0;492.996;5.75345;136.043292292197;4588.29113924051;281.518987341771;6.76214476317888;4596.91945966719;93.9244332780445
0;493.596;5.75345;136.743706357554;4583.35443037975;277.215189873417;5.66498277604111;4591.7301854506;88.7336799958312
0;494.195;5.75575;136.711766732126;4584.81012658228;268.544303797468;35.6559982393741;4592.66806332806;89.8064720956745
0;494.796;5.7546;136.641695372751;4583.86075949367;280.189873417723;37.621745525336;4592.41612090975;89.5702197492983
0;495.396;5.7546;136.816349332225;4582.53164556962;280.569620253164;33.9812429480072;4591.11267499024;88.2384298060915
0;495.996;5.7546;136.68601240153;4581.83544303797;297.531645569622;23.5248643644472;4591.48571893612;88.5459843540411
0;496.596;5.7546;136.661684019572;4583.73417721519;280.569620253164;32.521295305786;4592.31295962934;89.4281109047297
0;497.196;5.75345;137.106436146579;4582.78481012658;253.987341772154;19.9167662286285;4589.81766366676;86.8608762449885
0;497.795;5.75115;136.929890675886;4586.51898734177;220.886075949368;6.20151033092012;4591.83482714643;88.8390148746812
0;498.396;5.75345;137.269851256631;4585.18987341772;212.088607594937;-8.01171603785491;4590.09234686667;87.0993388332945
0;498.996;5.75345;137.333457422418;4585.12658227848;206.772151898734;0.760008580834638;4589.78654169424;86.7866046179779
0;499.596;5.75;137.855011392529;4582.08860759494;181.455696202529;-14.1453108182007;4585.68012158891;82.7019383463839
0;500.195;5.7546;137.820916925218;4581.01265822785;210.000000000003;-49.5193932362014;4585.8234783781;83.0908348123958
0;500.795;5.75575;137.493697440887;4580.06329113924;251.265822784808;-60.1596330080815;4586.95043188183;84.3449233717529
0;501.395;5.75115;137.135417663412;4583.79746835443;232.341772151898;-33.5445012971426;4589.68211644109;86.8046977563681
0;501.994;5.75345;137.803530261106;4581.13924050633;212.215189873418;-1.87550581853797;4586.05189980662;83.0522833088144
0;502.594;5.75345;137.37156567636;4583.79746835443;219.556962025316;14.4039122733906;4589.05267898139;86.0752841019121
0;503.194;5.75345;137.137799412914;4587.27848101266;194.936708860758;33.8673244468718;4591.41853709975;88.5434418600944
0;503.795;5.7546;136.953245127873;4589.87341772152;172.025316455694;68.0285929894473;4593.09598203742;90.5997419967307
0;504.394;5.75115;136.620460667808;4593.60759493671;139.367088607595;60.4345813878236;4595.72126239692;93.1186081600072
0;504.994;5.75345;135.987513863584;4599.6835443038;133.544303797469;41.054810410029;4601.62175638284;98.8048944162883
0;505.594;5.7546;136.279925202383;4597.9746835443;130.316455696204;33.8591900123733;4599.82103664257;96.9456533624234
0;506.195;5.7546;135.866140358414;4602.0253164557;103.670886075948;51.2973846186637;4603.19287733188;100.478694160279
0;506.795;5.7546;135.273254293796;4607.21518987342;91.2658227848106;41.3842894895925;4608.11905838043;105.304885272404
0;507.395;5.75345;136.031560158763;4601.07594936709;99.5569620253151;11.8788151764232;4602.15291798653;99.16824842182
0;507.994;5.7546;136.037131596289;4601.39240506329;97.2151898734178;-13.8028102003519;4602.41923976035;99.4399372599846
0;508.594;5.75345;136.649778316599;4594.81012658228;132.151898734179;-30.3468820035209;4596.71015223737;93.8103242280313
0;509.195;5.7546;136.910649628273;4591.39240506329;160.379746835443;-44.5839181291342;4594.19262552931;91.4089506947057
0;509.795;5.75345;137.271736534558;4587.9746835443;165.949367088608;-47.5092118082702;4590.97493886435;88.2207542751848
0;510.395;5.75345;136.987010780235;4589.24050632911;182.088607594934;-39.5404815374683;4592.85147658269;90.0216781143072
0;510.995;5.75345;136.912995215924;4589.05063291139;195.443037974685;-25.2130016253111;4593.21060833457;90.2798072802161
0;511.595;5.7546;136.567291419421;4591.89873417722;197.21518987342;-19.3469472148747;4596.13183188376;93.1725512018875
0;512.195;5.75115;136.904132150931;4586.77215189873;218.79746835443;-25.4814222585698;4591.98770747397;89.058406474418
0;512.796;5.7546;137.269190579892;4582.59493670886;241.582278481013;-48.7288851367231;4588.95830785438;86.2170198708654
0;513.395;5.75115;137.140628996483;4584.55696202532;209.620253164558;-82.5730815915542;4589.34670607828;87.0894874060014
0;513.995;5.75115;137.856375870039;4579.36708860759;198.291139240509;-100.495136026035;4583.65817967742;81.7597080423502
0;514.594;5.75575;137.818464696147;4582.15189873418;174.113924050631;-108.074794215172;4585.45872095928;83.7321529348301
0;515.195;5.75345;137.996123119032;4579.43037974683;174.367088607595;-126.502729254558;4582.74879134104;81.4944568672536
0;515.795;5.7546;138.106441287378;4575.3164556962;188.164556962026;-174.245273596722;4579.18405070829;79.4980071607206
0;516.395;5.75345;138.253672696113;4571.07594936709;204.430379746837;-198.514058685636;4575.64499442927;76.9492296903818
0;516.995;5.75115;138.120358537802;4568.29113924051;223.79746835443;-220.42229998818;4573.76969683708;76.0779890756667
0;517.594;5.75115;139.296388705339;4556.77215189873;250.506329113922;-224.368984031675;4563.65268893744;66.1648368428732
0;518.195;5.75345;139.622796816987;4553.92405063291;265.253164556964;-219.060529622513;4561.64263179837;63.8994970197064
0;518.795;5.75115;139.817076637391;4552.9746835443;271.962025316454;-196.563228010912;4561.08998071838;62.3235279458167
0;519.394;5.75;139.381431376458;4557.84810126582;262.278481012659;-183.116055491906;4565.38818895116;66.0590722372672
0;519.995;5.75345;139.531565619911;4560.56962025317;234.620253164557;-176.320414749297;4566.60069683907;67.0033712272543
0;520.595;5.75115;139.419875628664;4562.21518987342;225.25316455696;-167.176009376063;4567.77258922275;67.8308046749635
0;521.195;5.75345;139.280157058506;4560.44303797468;262.088607594934;-168.196364173265;4567.96794437557;68.0634602643531
0;521.795;5.75345;138.570605759366;4562.0253164557;289.683544303797;-182.53085027541;4571.21335575393;71.8561786274086
0;522.394;5.75345;137.950949072544;4565;293.417721518989;-200.965670929346;4574.42006808529;75.8324014090631
0;522.995;5.7546;138.1309074586;4561.77215189874;304.999999999997;-212.25523252265;4571.95692956953;73.8813016695185
0;523.595;5.75345;138.106419767119;4564.17721518987;287.468354430378;-204.747125281268;4573.22115214837;74.8022119537054
0;524.195;5.7546;138.98226254599;4560.94936708861;267.531645569619;-190.446515229622;4568.78893258675;69.7565193972723
0;524.795;5.75345;138.878579491924;4562.0253164557;266.012658227846;-184.240717349246;4569.77436229844;70.4868934161705
0;525.395;5.75345;138.135453465016;4564.3670886076;298.544303797471;-182.255059994217;4574.12020184145;74.7497231486559
0;525.995;5.7546;137.452402234786;4570.3164556962;297.025316455695;-177.600735182053;4579.95813778064;80.4003278090704
0;526.595;5.75345;137.238485216053;4570.94936708861;312.594936708862;-160.983579397541;4581.62566246346;81.4530124955363
0;527.193;5.75115;136.639033585457;4577.72151898734;295.189873417721;-146.917266239655;4587.22916004511;86.5812499494414
0;527.794;5.75115;137.485573514556;4570.12658227848;313.860759493671;-127.685514272265;4580.89134933348;79.6705254636518
0;536.068;5.75345;138.606258683893;4571.89873417722;221.518987341772;-115.128546431103;4577.26213989587;75.7097832825675
0;536.668;5.75115;138.402174867077;4573.22784810127;217.911392405062;-113.545185064413;4578.4165740558;76.8243235565442
0;537.267;5.75575;138.046749179528;4578.10126582278;213.734177215187;-94.5945037244613;4583.08776903062;81.0638759481635
0;537.867;5.75345;138.580497701555;4576.07594936709;190.569620253166;-66.1394855819988;4580.04234418628;77.5198729066115
0;538.468;5.75345;138.612566218872;4576.96202531646;180.443037974683;-44.7597879901946;4580.51755494316;77.7362410166525
0;539.068;5.7546;138.656404148279;4577.84810126582;162.088607594935;-56.7169871964708;4580.71675122738;78.0678636767443
0;539.667;5.75;139.019357291003;4573.67088607595;157.848101265821;-79.6660659008886;4576.39392941779;74.0872920743059
0;540.268;5.75575;139.157729087266;4574.11392405063;149.177215189875;-93.0010409929794;4576.54586251746;74.4907127542547
0;540.867;5.75115;139.753956340225;4565.75949367089;183.924050632912;-110.306760871671;4569.46252971255;67.793737628187
0;541.468;5.75345;139.934063434512;4560.88607594937;232.784810126582;-118.380831620581;4566.82280865094;65.3568804231654
0;542.067;5.75345;139.537437564727;4564.87341772152;226.772151898736;-105.713095320929;4570.50269978012;68.7250778256184
0;542.668;5.7546;140.613178168938;4558.41772151899;220.632911392404;-84.7285354028719;4563.75404743155;61.5404949632511
0;543.267;5.75115;139.334054613281;4566.64556962025;227.468354430379;-80.1225281478969;4572.3072524492;70.0092095158034
0;543.868;5.75115;139.641296715519;4564.36708860759;222.594936708861;-92.419947109587;4569.79161728547;67.7260771168858
0;544.467;5.75575;139.287329016812;4567.9746835443;232.151898734178;-71.2741573530491;4573.87004773721;71.4253430451736
0;545.068;5.75115;138.765023131086;4571.51898734177;231.329113924053;-36.4348388782934;4577.36813142391;74.5131357604323
0;545.667;5.75115;138.81999697132;4570.75949367088;237.784810126583;13.4671595132679;4576.94045896486;73.9602717627786
0;546.268;5.75345;138.376112032524;4576.20253164557;217.59493670886;31.8733594796825;4581.37284742474;78.4837201680821
0;546.868;5.7546;138.680913508006;4575.37974683544;201.139240506329;38.1229583902998;4579.79877525459;76.9574432280324
0;547.468;5.7546;137.892244569692;4582.15189873418;193.227848101266;8.843075114937;4586.22426668769;83.2327922089344
0;548.067;5.7546;137.617319049308;4583.73417721519;199.683544303799;-16.3221115930652;4588.08157351592;85.1106064003288
0;548.668;5.75575;137.891994767045;4580.25316455696;219.936708860761;-30.4020565927887;4585.53063530695;82.6314169788693
0;549.268;5.7546;137.376343314988;4584.17721518987;218.164556962025;-9.7932598291285;4589.36558951021;86.3760384303332
0;549.867;5.75345;137.409753988221;4581.51898734177;241.898734177215;26.6853706587903;4587.90052518248;84.9781318111045
0;550.467;5.75575;137.759981618487;4574.74683544304;287.911392405062;41.7350465573597;4583.79772440634;80.9877173028999
0;551.067;5.75345;137.718821036138;4573.92405063291;295.316455696202;22.4044544463537;4583.44772305337;80.502480586455
0;551.667;5.75115;137.294722950016;4575.3164556962;307.531645569619;0.0697693001352493;4585.64023695615;82.6402374869067
0;552.267;5.75115;137.444855235423;4573.48101265823;313.544303797469;3.98431071410364;4584.21624747232;81.2179789273805
0;552.867;5.75345;138.170338211516;4570.82278481013;290.506329113922;39.8788949837686;4580.04528988466;77.2189012818772
0;553.467;5.75115;137.211746469119;4574.93670886076;315.759493670888;18.9865189808282;4585.82053158701;82.8598360425294
0;554.067;5.75345;137.658812171246;4571.01265822785;325.443037974683;6.71462336272837;4582.58332086231;79.5882401555909
0;554.668;5.75345;137.723099138989;4572.0253164557;312.46835443038;13.8568084648981;4582.69047250982;79.7114220702433
0;555.267;5.7546;138.254227275374;4570.94936708861;286.645569620253;35.1171868968727;4579.92836178369;77.062992567483
0;555.867;5.7546;137.970166578823;4576.45569620253;254.367088607592;21.8017878188757;4583.51931980998;80.5711702801564
0;556.467;5.75345;138.922054392083;4569.17721518987;253.417721518989;0.450496272108991;4576.19940183884;73.1994240130161
0;557.067;5.75;139.044118721167;4567.15189873418;254.493670886073;-29.5581414897518;4574.23693031223;71.3324298044408
0;557.667;5.7546;139.22402842162;4566.32911392405;258.291139240504;-47.0617297973369;4573.62830685666;70.8704283890766
0;558.267;5.75575;138.707619077924;4566.07594936709;297.84810126582;-64.0438532256866;4575.78005009159;73.228215676334
0;558.867;5.7546;138.549608118615;4563.48101265823;327.911392405062;-65.0356618783342;4575.24696974504;72.7091768901937
0;559.466;5.75345;138.939130211735;4563.22784810126;305.379746835446;-49.8947856022289;4573.43472495937;70.7068853496148
0;560.067;5.75805;139.96838882079;4561.32911392405;260.949367088607;-49.3636589675732;4568.78735089686;66.0540190001893
0;560.667;5.75115;140.970215223122;4555.69620253165;215.379746835444;-73.3894909611856;4560.78461726797;58.3750495318518
0;561.267;5.75345;140.693052052969;4553.54430379747;252.405063291139;-117.437645183805;4560.53440318362;59.0462122963736
0;561.867;5.75115;140.087509341044;4558.67088607595;226.518987341773;-140.207492267744;4564.29524671475;63.4482084078027
0;562.466;5.74885;139.508684507643;4564.11392405063;199.240506329115;-148.523542387329;4568.46064786325;67.8743073637925
0;563.068;5.75345;139.304777355747;4567.72151898734;190.189873417721;-142.845433680493;4571.67934822322;70.9104583380322
0;563.668;5.75345;139.195794908697;4567.3417721519;211.582278481014;-135.229456081444;4572.23992417402;71.2392733658926
0;564.268;5.75345;138.898432862844;4566.77215189873;239.430379746833;-144.530538816271;4573.04436826317;72.3277336988685
0;564.867;5.75345;138.161060819096;4571.01265822785;252.341772151897;-147.16983569508;4577.97259621025;77.3375478440994
0;565.468;5.75115;138.570068424489;4564.55696202532;276.139240506329;-155.735829046547;4572.90204790363;72.5531674509048
0;566.068;5.75345;138.154295077842;4568.03797468354;277.53164556962;-157.15979773994;4576.46094186802;76.1586513757265
0;566.667;5.75115;138.336759775183;4567.46835443038;254.620253164559;-171.585241729375;4574.55993971492;74.7767679544922
0;567.267;5.74885;137.918164846025;4573.54430379747;202.72151898734;-185.271858449212;4578.03489644398;78.782314186481
0;567.867;5.7546;139.219886203195;4566.83544303797;180;-184.264075479667;4570.381380562;71.0943599034126
0;568.467;5.75;139.562931614966;4563.48101265823;171.835443037973;-187.073909238013;4566.71505268023;67.5451556563585
0;569.068;5.75115;139.742263533111;4563.98734177215;153.101265822784;-180.65033400646;4566.55454948837;67.1263654990562
0;569.668;5.75115;140.932079964185;4553.60759493671;152.784810126581;-203.090151349551;4556.17002831004;57.6941287972686
0;570.268;5.7546;140.704732217289;4554.55696202532;135.949367088609;-233.670864488348;4556.58549253112;59.5731143353541
0;570.867;5.7546;141.349438560276;4544.74683544304;152.405063291137;-277.801898623195;4547.30151865766;52.7792962856447
0;571.466;5.75345;141.532694242211;4542.46835443038;148.860759493669;-285.922801397762;4544.90685016959;50.8917559684714
0;572.066;5.7546;141.748072639102;4542.72151898734;134.303797468355;-278.437965033465;4544.7064051581;50.2278670693649
0;572.667;5.75115;142.61548507886;4536.51898734177;144.873417721518;-263.426695814847;4538.8316591029;43.4696692865627
0;573.266;5.75115;142.321581059492;4540.69620253165;138.860759493668;-245.16617235301;4542.81898320993;46.4297187975881
0;573.866;5.75115;142.105499163121;4541.26582278481;129.556962025318;-260.7937377887;4543.11350062957;47.5926705509946
0;574.466;5.7546;141.693436353169;4544.24050632911;116.012658227846;-275.819971261473;4545.72114369451;51.0813972499491
0;575.066;5.75345;141.488823777086;4540.69620253165;171.518987341771;-292.852545515876;4543.93450290649;50.3617668838015
0;575.667;5.7546;141.395489880983;4540.12658227848;199.746835443038;-289.047223842052;4544.5184762944;50.7014042416076
0;576.267;5.75345;141.047973052362;4540.94936708861;221.645569620254;-286.594153111334;4546.35545387673;52.3796901676933
0;576.866;5.75115;141.500966327083;4536.45569620253;226.329113924048;-288.514286835088;4542.0981001535;48.2520964154482
0;577.467;5.75345;141.146994274248;4535.37974683544;272.215189873417;-288.3535584159;4543.54163154724;49.6825424417711
0;578.066;5.75575;140.498947984978;4540.88607594937;281.708860759495;-277.662681523204;4549.61605379853;55.0810437827804
0;578.667;5.75;140.820763960271;4534.55696202532;320.126582278484;-259.913768049027;4545.84292189398;50.2672925444449
0;579.267;5.7546;140.678354958548;4535.63291139241;339.81012658228;-245.991830251737;4548.34440527911;51.9916366097113
0;579.867;5.75345;140.792944901776;4531.26582278481;362.721518987341;-248.473271007972;4545.76031672087;49.5460814229664
0;580.467;5.75115;140.108786336708;4534.30379746835;360.253164556962;-267.294237533793;4548.59244935279;53.4393422636513
0;581.068;5.75345;141.36747343861;4526.01265822785;349.177215189873;-277.067774146082;4539.46200667507;44.9096144840796
0;581.668;5.75805;140.532693760752;4534.62025316456;341.518987341773;-274.055239829631;4547.46259568181;52.7131531301666
0;582.268;5.75345;141.119055811489;4530;335.443037974684;-273.221936198823;4542.40267168441;47.6122948616403
0;582.868;5.7546;141.499324912741;4528.16455696202;318.101265822782;-286.9080861015;4539.32403230317;45.3820112338371
0;583.468;5.7546;141.590082139335;4526.39240506329;322.468354430381;-292.275258295692;4537.86448059257;44.2671870955082
0;584.067;5.75345;140.381368916504;4532.59493670886;332.658227848099;-303.117655330291;4544.78584279104;51.8829479808564
0;584.666;5.7546;140.195844274523;4533.73417721519;321.012658227848;-319.849708161382;4545.08467648201;53.3251148488662
0;585.267;5.75115;140.573915268844;4530.44303797468;317.848101265826;-319.90685177376;4541.57918964445;49.8322975509827
0;585.866;5.7546;140.981661376729;4530.50632911392;303.86075949367;-314.764775060632;4540.68485575705;48.5816836480444
0;586.467;5.7546;141.160762415137;4530;303.86075949367;-307.741816869344;4540.17966177112;47.5973659520923
0;587.067;5.75;140.816238890828;4528.92405063291;316.265822784811;-316.769618922107;4539.95342785176;47.9911138712441
0;587.667;5.75345;141.196371477139;4525.88607594937;319.177215189874;-322.858858924818;4537.12671932014;45.5994228943655
0;588.267;5.75;140.786574019932;4524.49367088608;333.354430379747;-337.752271675695;4536.75744934;46.3125580865581
0;588.866;5.7546;140.699697277865;4521.96202531645;363.670886075952;-340.472698582306;4536.56225260751;46.3206888790846
0;589.467;5.75345;140.556012680511;4518.48101265823;399.620253164558;-333.446064702242;4536.11805495539;45.3572074494832
0;590.067;5.75115;140.308197692148;4520.37974683544;397.784810126584;-330.690056490738;4537.84814761;46.8815066141406
0;590.666;5.75115;139.895439033627;4522.15189873418;407.721518987339;-329.1527762826;4540.49497657144;49.4099312787084
0;591.266;5.75115;139.329406054792;4523.03797468354;434.620253164558;-321.854537767993;4543.87139836618;52.256044216625
0;591.867;5.75345;139.307792400423;4523.03797468354;454.87341772152;-299.11584907554;4545.85331335923;52.683553293321
0;592.467;5.75575;139.292293266982;4521.01265822785;475.316455696202;-291.31259790081;4545.93017862264;52.2545723162129
0;593.067;5.7546;138.566246988842;4515.18987341772;526.772151898733;-303.000942242349;4545.81439271666;52.9014546003636
0;593.667;5.75345;137.375279100129;4510.56962025316;592.088607594934;-299.640547510493;4549.26447004288;56.1218097465735
0;594.267;5.75345;137.257438434979;4512.84810126582;593.987341772151;-283.411204365492;4551.77096823688;57.585582800084
0;594.867;5.75115;137.442230006148;4512.21518987342;609.050632911392;-234.496582641537;4553.13393095066;56.1684812523354
0;603;5.75115;133.752100908625;4470.50632911392;869.430379746833;-196.72663504247;4554.26569535358;55.5126294449947
0;603.6;5.75115;133.606443584663;4465.94936708861;894.556962025317;-154.267730185258;4554.66089931041;54.2726975992582
0;604.201;5.7546;133.356467374136;4457.9746835443;928.354430379747;-133.598335122689;4553.61177830606;52.5711763372983
0;604.801;5.75115;132.950290918442;4449.49367088608;962.088607594938;-98.0195961465503;4552.31901519645;50.3741618000095
0;605.4;5.75115;132.235936469616;4446.89873417722;986.962025316455;-64.2548504511795;4555.10728649103;52.5604569855268
0;606;5.75345;132.325728206537;4447.78481012658;985.569620253165;-40.4422213561675;4555.67088292808;52.850388986335
0;606.6;5.75575;132.499229761761;4451.32911392405;974.999999999998;-11.8306953683043;4556.85811502485;53.8734726587227
0;607.2;5.75345;131.101837097661;4444.05063291139;1021.45569620253;3.8180207254013;4559.92957919141;56.9311776020268
0;607.8;5.75115;129.536069779499;4435.25316455696;1072.72151898734;22.5629039051771;4563.1351164535;60.190898444167
0;608.4;5.75345;130.334614588644;4441.77215189873;1041.83544303798;44.9389893611269;4562.31968846477;59.5410083108336
0;609;5.75345;130.091683883714;4441.96202531646;1045.50632911392;61.380423511923;4563.3441814716;60.7569693139058
0;609.601;5.75345;130.620868030755;4435.94936708861;1049.6835443038;51.6218551372103;4558.45174709089;55.7440316916027
0;610.2;5.75115;130.289544277984;4438.54430379747;1048.79746835443;50.8207613001934;4560.77314349219;58.0562829435403
0;610.801;5.75115;130.149061518572;4441.01265822785;1045.06329113924;63.2311239621436;4562.31856768319;59.7567202366017
0;611.401;5.75345;129.31929388292;4440.06329113924;1065;72.5046241573963;4566.00339786582;63.5790204316427
0;612;5.75345;128.126060208979;4430.3164556962;1110.88607594937;74.9284537071758;4567.46885827925;65.0834104168553
0;612.6;5.75345;128.183042341611;4421.32911392405;1129.74683544304;74.084226669328;4563.38460419741;60.9859244378895
0;613.2;5.75;127.8342065359;4408.79746835443;1160.82278481013;82.1046776761487;4559.05743051157;56.796687660436
0;613.799;5.75115;127.27639453635;4409.62025316456;1170.12658227848;81.905341863904;4562.23048471619;59.9656453560565
0;614.4;5.7546;127.861625489879;4402.72151898734;1176.26582278481;72.7986438961593;4557.14362946856;54.7250577628047
0;615;5.7546;127.476373192383;4405.69620253165;1177.08860759494;73.8261995122887;4560.22988665391;57.8274388389209
0;615.6;5.7546;127.298382569385;4416.07594936709;1156.64556962026;99.2801146946056;4565.03622814766;63.1156693051889
0;616.2;5.75345;127.46285356793;4421.96202531645;1138.54430379747;116.91403889404;4566.18344846661;64.6799556822034
0;616.8;5.75115;126.846239360123;4414.05063291139;1165.56962025316;119.704825448006;4565.3472518049;63.9163310485683
0;617.401;5.7546;126.695325830918;4409.49367088608;1178.86075949367;129.124996218488;4564.35615655246;63.1822552879757
0;618.001;5.75;126.728908072025;4416.58227848101;1158.98734177215;144.210090804925;4566.11987150804;65.3965711473202
0;618.601;5.75575;126.582313756326;4428.35443037975;1138.03797468354;157.394438236993;4572.24817708813;71.9564371777005
0;619.201;5.75115;125.07777840898;4427.59493670886;1165.25316455696;162.748322054534;4578.36344790144;78.2551639710609
0;619.801;5.7546;123.697172871502;4424.30379746835;1199.87341772152;165.506733687936;4584.12045117137;84.1072354746266
0;620.401;5.75345;123.179654053346;4429.62025316456;1196.89873417721;174.287393838867;4588.47492824366;88.7837778767189
0;621.001;5.7546;122.391611723878;4435.3164556962;1198.54430379747;189.726438607187;4594.40317237559;95.3188919257709
0;621.6;5.75575;122.327469208614;4418.73417721519;1233.29113924051;192.816927130855;4587.61580377202;88.6660517079126
0;622.201;5.75345;121.868337762607;4416.01265822785;1248.10126582278;178.062244802096;4589.00038868783;89.4536721017639
0;622.801;5.7546;121.902991982533;4417.59493670886;1244.6835443038;180.145092470351;4589.59498761017;90.1290428897792
0;623.401;5.75345;121.090292224431;4413.48101265823;1262.46835443038;209.332016260028;4590.49463511644;92.2650509044979
0;624.001;5.75115;120.935014915068;4413.92405063291;1260.3164556962;226.380156194345;4590.32930117811;92.908078755805
0;624.599;5.75345;121.141194930258;4422.9746835443;1238.67088607595;234.149747923163;4593.14822483294;96.1126013328376
0;625.199;5.75115;121.415018605658;4433.73417721519;1209.3670886076;241.257482773168;4595.71186098664;99.040056562666
0;625.799;5.75575;121.517066750481;4432.21518987342;1208.35443037975;263.601657958146;4593.97996499364;98.5364556679642
0;626.399;5.7546;121.45672852624;4437.15189873418;1195.18987341772;279.601247533137;4595.30149238987;100.799807070532
0;626.999;5.75345;121.642759598405;4436.32911392405;1186.26582278481;305.477382076259;4592.19365982724;99.342777359986
0;627.599;5.75345;121.445326891014;4435.25316455696;1186.64556962025;326.877176897144;4591.25237180575;99.8737795412299
0;628.199;5.75345;120.433698420264;4428.67088607595;1215.82278481013;340.714107448878;4592.53207514549;102.15330518484
0;628.799;5.75345;120.321485656461;4426.77215189873;1219.49367088607;348.791946464766;4591.67469428719;101.903073906771
0;629.4;5.75115;120.743297601227;4431.70886075949;1197.6582278481;357.15222372689;4590.68934445215;101.56147403632
0;629.999;5.74885;120.994775414895;4432.27848101266;1189.49367088607;359.828711874362;4589.11622497468;100.201541124945
0;630.599;5.7546;120.319273693333;4435.75949367089;1201.58227848101;350.377681545948;4595.62425113836;105.961572564534
0;631.199;5.75345;120.127095013079;4428.22784810127;1220.56962025317;347.917903628997;4593.36391684619;103.521349158183
0;631.8;5.75345;119.712944446034;4423.67088607595;1235;356.71974525553;4592.83018500749;103.662358472904
0;632.399;5.75;119.803380828459;4420.94936708861;1234.6835443038;363.871503806795;4590.12382849698;101.523779091423
0;633;5.75;119.047665150925;4416.96202531645;1254.11392405063;372.800979530495;4591.55259880417;103.662114581904
0;633.6;5.75575;119.376734569654;4414.49367088608;1251.70886075949;386.06300167228;4588.52148762508;101.733877615216
0;634.201;5.75115;119.07604511004;4410.18987341772;1257.84810126582;403.077217527098;4586.06111662876;100.74063221894
0;634.8;5.75345;118.709317983262;4401.83544303797;1274.6835443038;424.677612184761;4582.68190099468;99.3172945805418
0;635.4;5.7546;118.956109238704;4407.59493670886;1247.46835443038;459.573601649594;4580.72815406097;100.724396262225
0;636;5.75115;118.887865077991;4414.49367088608;1226.58227848101;477.799505293571;4581.73094541538;103.576909532248
0;636.6;5.75115;119.206775391621;4415.88607594937;1213.48101265823;488.322560396964;4579.58360594558;102.545019521381
0;637.201;5.75;119.527969352222;4421.32911392405;1194.05063291139;492.142141837378;4579.72794471337;103.095085358183
0;637.799;5.75115;119.227130996911;4434.24050632911;1162.0253164557;520.193741962263;4583.97117181749;110.392811503323
0;638.399;5.75115;119.307025166595;4428.48101265823;1158.60759493671;550.280089178826;4577.53379436127;107.490626285463
0;638.999;5.7546;119.358096314443;4438.03797468355;1137.27848101266;554.399234304394;4581.43901062839;111.860985891663
0;639.6;5.7546;119.680985363669;4439.6835443038;1143.60759493671;519.213986536095;4584.60775909552;110.914982807284
0;640.2;5.75345;119.880649291226;4428.48101265823;1177.9746835443;483.278528815713;4582.47405170457;104.887430369802
0;640.799;5.7546;119.962325578344;4425.18987341772;1193.86075949367;457.811924642077;4583.40582196881;103.213269834781
0;641.399;5.75115;119.586385832677;4423.10126582278;1199.87341772152;467.378121285963;4582.95985431662;103.730221592602
0;642;5.75345;118.944220648504;4415.44303797468;1224.74683544304;478.121463445761;4582.15473685981;104.031817378121
0;642.6;5.75115;118.679915894557;4414.74683544304;1216.77215189873;510.780263354201;4579.35848025579;104.756565631779
0;643.2;5.75345;118.954838407042;4411.13924050633;1215.44303797468;521.111946763733;4575.52742071293;102.106821644398
0;643.745;5.75575;118.176218134692;4415.06329113924;1220.37974683545;529.780549150352;4580.62338456802;108.157991384535
0;644.4;5.75345;119.946072623927;4422.53164556962;1168.41772151899;530.896058033956;4574.27438267802;101.979560482365
0;645;5.7546;119.957972899719;4423.10126582278;1173.60759493671;517.589516592782;4576.15336222643;102.331530118433
0;645.6;5.75115;121.8640865668;4450.37974683544;1083.10126582278;494.797910674649;4580.28255057153;103.930997473049
0;646.2;5.75115;123.42117719227;4448.86075949367;1066.89873417721;464.288809699464;4575.00108921862;95.4996537092065
0;646.799;5.75115;124.036579285401;4445.6329113924;1075.94936708861;429.195145218153;4573.98284030381;91.0752601663489
0;647.399;5.7546;125.314308042974;4443.86075949367;1065.12658227848;404.008488342276;4569.72571234247;84.5501026905995
0;648;5.7546;125.933204057866;4467.08860759494;993.924050632912;407.270236311516;4576.32665426442;91.4134219632688
0;648.6;5.75345;125.918696213877;4465.18987341772;992.025316455698;422.2798822606;4574.06108771639;90.5122872507081
0;649.2;5.75115;125.969626801354;4469.24050632911;969.493670886075;443.585206465226;4573.1858349843;91.6486826193632
0;649.799;5.75345;126.114393783628;4484.62025316456;912.468354430378;472.010235524934;4576.50710836667;97.7837349054907
0;650.399;5.7546;126.899546074437;4501.96202531646;843.607594936709;470.648474318042;4580.32049660571;101.437624510104
0;651;5.75;126.93425128834;4507.91139240506;823.987341772152;464.668967606744;4582.5997273574;103.097861599645
0;651.599;5.75115;127.269191777175;4502.27848101266;839.93670886076;452.705120518366;4579.95689886723;99.2762978362171
0;652.2;5.75345;127.178068499707;4503.67088607595;848.670886075949;436.097408481386;4582.9350555033;100.637113483776
0;652.8;5.75575;127.25780207242;4494.49367088608;879.620253164555;428.12861829049;4579.76038100382;96.7281725349376
0;653.4;5.75345;126.80785245223;4481.32911392405;925.632911392405;429.338576528518;4575.92689123811;93.0242087321103
0;654;5.7546;125.488636909164;4473.29113924051;971.07594936709;446.585962516781;4577.47988699533;96.2130998426092
0;654.6;5.75345;124.486098506959;4467.15189873418;999.746835443038;466.491810628116;4577.65658621775;98.3644096860917
0;655.199;5.75345;124.54146675511;4466.96202531646;999.81012658228;464.682409273763;4577.4851201108;98.0107331242161
0;655.799;5.75115;124.299770859185;4462.84810126582;1036.13924050633;412.915590311463;4581.54970514224;97.1192359993493
0;656.399;5.75;125.159742678786;4485;986.329113924051;345.003935598839;4592.17487918026;102.116484580264
0;656.999;5.75345;126.454378717915;4491.26582278481;957.531645569621;299.069180967897;4592.20377849047;98.9319767014158
0;657.6;5.7546;126.949525187971;4491.39240506329;946.772151898734;297.821943148674;4590.09621292094;96.7479445826193
0;658.199;5.75345;126.927076928592;4498.03797468354;930.379746835446;291.431273028632;4593.25071109958;99.4867497816767
0;658.799;5.75345;127.17251562958;4497.91139240506;934.62025316456;258.310175716198;4593.98758286879;98.2439685840591
0;659.399;5.75345;126.802188972546;4498.03797468354;951.708860759492;224.432317316452;4597.6184462549;100.093008228207
0;660;5.75;126.426370748812;4496.26582278481;969.177215189873;195.180735757144;4599.53376154431;100.673136007448
0;660.599;5.75345;126.0280059609;4494.62025316456;989.493670886077;170.980049014291;4602.25042179156;102.425400768267
0;661.199;5.7546;125.697652008376;4486.70886075949;1022.0253164557;143.238999866081;4601.64015854066;100.86897725997
0;661.799;5.75345;125.821419943425;4483.73417721519;1029.30379746835;116.564633407154;4600.3628638848;98.8393923703688
