idxCompression;T;Tabs;B;F;dx;dy;dz;D2;D3
0;0.731;18213.121;5.70342;118.814360006607;4.73012658227848;0.110379746835445;0.104239594235306;4.73141428886638;4.73256242070776
0;1.33;18213.72;5.70342;119.341765509243;4.72449367088607;0.118607594936709;0.116944280915566;4.72598224793738;4.72742891777953
0;1.931;18214.321;5.7057;118.726226325793;4.73012658227848;0.11873417721519;0.129521544003499;4.73161656193911;4.73338896770353
0;2.53;18214.92;5.70342;118.61171614551;4.73069620253164;0.100379746835442;0.141950100597843;4.73176105210545;4.73388978381223
0;3.13;18215.52;5.70114;118.081108820032;4.7346835443038;0.089556962025318;0.154248171345262;4.73553045752515;4.73804191755536
0;3.731;18216.121;3.42342;56.6342227721538;4.73550632911392;0.0908227848101273;0.16661315230873;4.73637719901178;4.73930679676268
1;3.805;18216.195;3.4257;55.8441593159398;4.7506329113924;0.0924050632911406;0.181001988532309;4.75153151673505;4.75497775750625
1;3.821;18216.211;3.42342;55.4708148083092;4.7529746835443;0.0960126582278473;0.2311374145012;4.75394433843656;4.7595599877862
1;3.835;18216.225;3.43482;55.8418744433111;4.75221518987342;0.0913924050632904;0.220317522490493;4.75309391686793;4.75819730499727
1;3.851;18216.241;3.46674;56.6446571129475;4.75284810126582;0.0871518987341773;0.208834102342782;4.75364707642028;4.75823204661778
1;3.865;18216.255;3.5169;57.7936799199665;4.75537974683544;0.0839240506329109;0.197353538230797;4.75612024478853;4.76021304165471
1;3.881;18216.271;3.59214;59.7267858649767;4.755;0.079683544303796;0.185851675115538;4.75566761530206;4.75929777513196
1;3.895;18216.285;3.68562;62.1318228992695;4.75455696202532;0.0775949367088611;0.174199716470797;4.75519009918071;4.758379810457
1;3.911;18216.301;3.80418;65.1265637115988;4.755;0.0808227848101275;0.163623721854206;4.75568684025183;4.75850081904983
1;3.925;18216.315;3.9387;68.516986139339;4.75594936708861;0.0852531645569634;0.154104727023379;4.75671341205012;4.75920904681318
1;3.941;18216.331;4.0983;72.6411323784809;4.75601265822785;0.0886708860759509;0.145622603142614;4.75683917441625;4.75906764753424
1;3.955;18216.345;4.275;77.1768985054495;4.75759493670886;0.0803164556962024;0.136117117132743;4.75827282896361;4.76021934205031
1;3.971;18216.361;4.4745;82.8380953176882;4.75253164556962;0.087088607594934;0.123740328041613;4.75332951390007;4.75493986675934
1;3.985;18216.375;4.69908;88.8074124492803;4.75303797468355;0.0791139240506329;0.126750988793388;4.75369635144721;4.75538587445043
1;4.001;18216.391;4.94076;95.6136255235443;4.74974683544304;0.0789873417721534;0.130296318633671;4.75040356190518;4.75219014051531
1;4.015;18216.405;5.20296;102.806174820111;4.74955696202531;0.0831012658227852;0.129025733256106;4.75028390266355;4.75203585800305
1;4.031;18216.421;5.48682;110.905441836793;4.7470253164557;0.088291139240507;0.127931779758106;4.74784632021085;4.7495695826687
1;4.045;18216.435;5.7912;119.640638308864;4.74525316455696;0.0833544303797478;0.126301647535013;4.74598520402264;4.74766549611194
1;4.061;18216.451;6.11496;129.240222524039;4.74164556962025;0.0777215189873424;0.12554240328757;4.74228250343788;4.74394395386753
1;4.075;18216.465;6.46494;139.750821814043;4.7376582278481;0.0772784810126588;0.125011408502968;4.73828845127905;4.73993726749419
1;4.091;18216.481;6.8343;151.17189984334;4.73177215189873;0.0886075949367093;0.124769165321316;4.73260171611397;4.73424612245496
1;4.105;18216.495;7.21962;162.440998191876;4.73126582278481;0.0949367088607609;0.124727133239853;4.732218218187;4.73386165010208
1;4.121;18216.511;7.63458;174.884628755734;4.72911392405063;0.10139240506329;0.124812386557413;4.73020072792414;4.73184710850765
1;4.135;18216.525;8.0655;187.717012553606;4.72778481012658;0.103481012658227;0.12998219958574;4.7289171626118;4.73070321443372
1;4.151;18216.541;8.51694;201.255851735143;4.72569620253165;0.106329113924051;0.142838733568004;4.72689226438364;4.72904994506267
1;4.165;18216.555;8.9889;214.918246062615;4.72670886075949;0.108924050632911;0.146334858732714;4.72796373750779;4.73022779515627
1;4.181;18216.571;9.48138;229.252544110898;4.72740506329114;0.105569620253164;0.149654196498093;4.72858367560003;4.73095127386455
1;4.195;18216.585;10.00008;245.957924623447;4.72044303797468;0.1073417721519;0.152799935219173;4.72166334365469;4.72413511142678
1;4.211;18216.601;10.53246;261.456941982437;4.71898734177215;0.107151898734179;0.187442296697196;4.72020370971509;4.7239239701544
1;4.225;18216.615;11.09448;278.895236947793;4.71544303797468;0.108734177215192;0.180086014560511;4.7166965310139;4.72013316955347
1;4.241;18216.631;11.67132;295.911066008355;4.71512658227848;0.111265822784809;0.173038094149276;4.71643920455137;4.71961237309336
1;4.255;18216.645;12.26868;314.410058537667;4.71101265822785;0.120759493670887;0.165998348964897;4.71256014511164;4.71548285684019
1;4.271;18216.661;12.89226;332.949122042915;4.70974683544304;0.118924050632913;0.158984707191052;4.71124804948589;4.71392981713827
1;4.285;18216.675;13.53408;351.991983523784;4.70778481012658;0.126329113924049;0.152009864692292;4.70947946842148;4.71193207319961
1;4.301;18216.691;14.19414;371.509545564002;4.70588607594937;0.127151898734178;0.145039438710183;4.70760356924474;4.7098373436826
1;4.315;18216.705;14.877;391.529109334116;4.70411392405063;0.126075949367088;0.137732585696471;4.70580311482066;4.70781830794462
1;4.331;18216.721;15.5838;412.04379799737;4.70227848101266;0.12987341772152;0.127876976325398;4.70407164248435;4.70580944564264
1;4.345;18216.735;16.3077;431.975112389289;4.70183544303797;0.131075949367089;0.138903162999182;4.70366213050115;4.70571264811205
1;4.361;18216.751;17.05668;453.58714954058;4.69816455696202;0.133354430379747;0.149480389615885;4.70005676650783;4.70243319944854
1;4.376;18216.766;17.82276;473.692325685541;4.69905063291139;0.12759493670886;0.160354998769502;4.70078262830124;4.70351688039589
1;4.39;18216.78;18.61164;495.08414522289;4.69740506329114;0.130189873417722;0.166891771128691;4.69920884104694;4.70217147656742
1;4.406;18216.796;19.4199;516.178540261454;4.69708860759494;0.13613924050633;0.167207913004533;4.69906110626408;4.70203506649781
1;4.42;18216.81;20.25438;538.264805869518;4.69607594936709;0.130443037974684;0.165300516532765;4.69788726007554;4.70079450403292
1;4.436;18216.826;21.1014;560.368123633504;4.69462025316456;0.13120253164557;0.164988693076133;4.69645328154481;4.69935045453901
1;4.45;18216.84;21.97806;583.060547479452;4.69284810126582;0.128987341772152;0.166482217819843;4.69462043576386;4.69757143263856
1;4.466;18216.856;22.87068;604.959729280447;4.69253164556962;0.130506329113924;0.16724824421742;4.69434608296098;4.69732446418224
1;4.48;18216.87;23.78724;629.267695171565;4.68822784810127;0.132025316455698;0.166997870616663;4.69008646401081;4.69305863256448
1;4.496;18216.886;24.72318;651.616521811228;4.68778481012658;0.130569620253164;0.167248637035233;4.6896028458481;4.69258425160132
1;4.51;18216.9;25.67964;673.903104379004;4.68740506329114;0.132974683544305;0.16652645351058;4.68929083058741;4.69224674900521
1;4.526;18216.916;26.65776;696.765361951275;4.68601265822785;0.13613924050633;0.167601707493074;4.68798981716868;4.69098484949929
1;4.54;18216.93;27.6564;719.604747451143;4.68474683544304;0.138164556962026;0.168976732205001;4.68678379669834;4.6898289406993
1;4.559;18216.949;28.6767;742.554694576379;4.68367088607595;0.134303797468355;0.170241807172173;4.68559606443939;4.68868774306832
1;4.57;18216.96;29.71638;766.00013796651;4.68164556962025;0.135443037974685;0.170249431331706;4.68360438723007;4.68669765666077
1;4.586;18216.976;30.78;788.170566869008;4.68151898734177;0.137784810126581;0.170330785357167;4.68354616532635;4.68664242920063
1;4.6;18216.99;31.86528;810.414627715273;4.68183544303798;0.127658227848102;0.170165431974108;4.68357552931774;4.6866657671593
1;4.616;18217.006;32.96994;831.982786780954;4.68310126582278;0.129430379746836;0.157474636147001;4.68488950661084;4.68753538121922
1;4.63;18217.02;34.09284;855.35806734127;4.68151898734177;0.129683544303798;0.148538670067926;4.68331483572317;4.68566981199169
1;4.646;18217.036;35.24082;877.484316976613;4.68164556962025;0.13354430379747;0.135083338945291;4.68354986315099;4.68549750070174
1;4.66;18217.05;36.4059;901.602920025553;4.67816455696202;0.134620253164556;0.140249723665255;4.68010109234595;4.68220206949315
1;4.676;18217.066;37.5972;923.124075199953;4.67810126582278;0.133481012658226;0.14539220075094;4.68000519594081;4.68226307740949
1;4.69;18217.08;38.80446;943.866313721609;4.67854430379747;0.133670886075949;0.151652392377004;4.68045347251525;4.68290968912425
1;4.706;18217.096;40.03566;966.230879110523;4.67727848101266;0.132405063291138;0.152233716308923;4.6791521763808;4.68162794272574
1;4.72;18217.11;41.2851;987.433256688545;4.67651898734177;0.128607594936708;0.165802941260779;4.67828705323257;4.68122423814265
1;4.736;18217.126;42.55962;1011.1632445776;4.67278481012658;0.131582278481012;0.17295904618481;4.67463707444332;4.67783567576044
1;4.75;18217.14;43.85238;1031.88896612899;4.67272151898734;0.132784810126582;0.17419524361869;4.67460781240605;4.67785230449905
1;4.766;18217.156;45.16566;1048.33867740711;4.67721518987342;0.130506329113922;0.176590793166368;4.67903556668694;4.68236672448373
1;4.78;18217.17;44.71764;1042.77187375856;4.67588607594937;0.130379746835443;0.173816871819937;4.67770344011269;4.68093172120373
1;4.796;18217.186;43.4112;1022.10260305618;4.67613924050633;0.131708860759494;0.169889564095469;4.6779937388378;4.68107764137642
1;4.81;18217.2;42.123;1001.02216792474;4.67658227848101;0.132974683544303;0.166133085573017;4.67847240815486;4.6814211812214
1;4.826;18217.216;40.85988;981.500487212458;4.67487341772152;0.130189873417722;0.168770617518635;4.67668588584478;4.67973016275484
1;4.84;18217.23;39.615;960.72346857473;4.67430379746835;0.127341772151899;0.171763811964236;4.67603805779657;4.67919167432393
1;4.856;18217.246;38.39406;938.378880689035;4.67493670886076;0.132974683544305;0.176815536733587;4.67682750358804;4.68016871836347
1;4.87;18217.26;37.18908;915.379520109153;4.67601265822785;0.137278481012659;0.184385310062752;4.67802733652297;4.68165971679095
1;4.886;18217.276;36.00918;893.516614231017;4.67664556962025;0.134746835443037;0.181856437326012;4.67858637769045;4.68211941937704
1;4.9;18217.29;34.84752;872.644639337154;4.67575949367088;0.132025316455694;0.179212053315541;4.67762306378342;4.68105484766972
1;4.916;18217.306;33.70752;850.481047856257;4.67620253164557;0.134303797468355;0.175735099105478;4.67813078344149;4.68143038526052
1;4.93;18217.32;32.58918;828.629692485318;4.67607594936709;0.135253164556962;0.173495900507801;4.67803160557643;4.68124775356582
1;4.946;18217.336;31.49364;806.908813039546;4.67575949367089;0.13240506329114;0.172725688898747;4.67763379749191;4.68082173416635
1;4.96;18217.35;30.41634;784.238318407537;4.67639240506329;0.13354430379747;0.172001370891235;4.67829883688616;4.68145965258688
1;4.976;18217.366;29.36184;761.794362084061;4.67683544303797;0.131202531645568;0.1715;4.67867543922064;4.68181760810547
1;4.99;18217.38;28.329;738.445730502573;4.67829113924051;0.137088607594936;0.169995619320409;4.68029927139585;4.68338550414299
1;5.006;18217.396;27.31668;715.655966905707;4.6793670886076;0.133734177215191;0.168287929884453;4.68127772943449;4.68430165632447
1;5.02;18217.41;26.32488;693.952907689736;4.67829113924051;0.135696202531644;0.168492327395246;4.6802586940123;4.68329062810208
1;5.036;18217.426;25.35246;672.576591909543;4.67651898734177;0.136708860759493;0.169987430695736;4.67851676833356;4.68160387881897
1;5.05;18217.44;24.40284;650.18809630714;4.67689873417722;0.134240506329114;0.168283919792339;4.67882488273369;4.68185024973553
1;5.066;18217.456;23.47374;627.171039367081;4.67841772151899;0.134050632911393;0.165914621978388;4.68033780289488;4.6832776568332
1;5.08;18217.47;22.56744;606.50703932796;4.6756329113924;0.135189873417721;0.16625;4.67758692318705;4.68054040538809
1;5.096;18217.486;21.67938;583.023753720372;4.67803797468354;0.137278481012656;0.1676983131821;4.68005178111636;4.68305534861318
1;5.11;18217.5;20.81526;560.948569137233;4.67854430379747;0.135696202531644;0.166742323692247;4.68051175214605;4.68348089186745
1;5.126;18217.516;19.96938;537.05138464504;4.68291139240506;0.136708860759494;0.165993971271545;4.68490644748935;4.68784624536959
1;5.14;18217.53;19.14402;516.204498334979;4.68145569620253;0.135126582278479;0.165525432344819;4.68340545209844;4.68632961895537
1;5.156;18217.546;18.34488;493.845217759324;4.68392405063291;0.134936708860756;0.166412401193343;4.68586730792663;4.68882133534287
1;5.17;18217.56;17.56056;471.998723257764;4.68556962025317;0.134430379746835;0.167266210168324;4.68749764727816;4.69048101779576
1;5.186;18217.576;16.80018;450.670788928435;4.68683544303797;0.136898734177215;0.167022876168924;4.68883436831973;4.69180822015351
1;5.2;18217.59;16.06032;430.192243614866;4.68696202531646;0.137151898734176;0.164795918509446;4.68896829484748;4.69186331480813
1;5.216;18217.606;15.34098;409.752293511689;4.68803797468354;0.130886075949368;0.164004451066182;4.68986473333213;4.69273147291872
1;5.23;18217.62;14.64444;388.955609137579;4.69037974683544;0.14240506329114;0.1645;4.69254103568366;4.6954234762772
1;5.246;18217.636;13.96842;369.745870423839;4.69037974683544;0.133607594936709;0.1645;4.69228229744853;4.69516489688583
1;5.26;18217.65;13.31406;350.667723894101;4.69063291139241;0.136708860759494;0.164879023884621;4.69262468369757;4.69552036675009
1;5.276;18217.666;12.67794;330.533626773527;4.69575949367089;0.137658227848101;0.165122805114717;4.69777681569639;4.70067788205738
1;5.29;18217.68;12.06576;313.309202828662;4.69360759493671;0.12873417721519;0.164874094301571;4.69537269485936;4.69826651123609
1;5.306;18217.696;11.47296;295.359385960722;4.695;0.131012658227849;0.164098342789425;4.6968275800391;4.69969334986041
1;5.32;18217.71;10.90182;277.826056798798;4.69708860759494;0.13246835443038;0.162897789874793;4.69895618755098;4.7017789125468
1;5.336;18217.726;10.35006;261.280731034151;4.69746835443038;0.129746835443036;0.162711774005974;4.69925985471993;4.702075956807
1;5.35;18217.74;9.82224;245.41376426227;4.69727848101266;0.135000000000002;0.163966123893676;4.6992180336929;4.70207773414789
1;5.366;18217.756;9.31494;230.18581175876;4.69715189873418;0.134873417721519;0.163190836412097;4.69908786878794;4.7019206764554
1;5.38;18217.77;8.82702;215.0245229482;4.69943037974683;0.135253164556962;0.162991708970309;4.7013763211011;4.70420084709435
1;5.396;18217.786;8.36076;200.798751798802;4.70069620253164;0.130822784810126;0.162254470518577;4.70251628274915;4.7053146443914
1;5.41;18217.8;7.9173;187.605339145594;4.69993670886076;0.128227848101266;0.163249944490243;4.70168559649894;4.70451889067327
1;5.426;18217.816;7.4898;174.169534458264;4.70367088607595;0.127341772151897;0.163493508707572;4.70539432263156;4.70823383646594
1;5.44;18217.83;7.09194;162.212270707842;4.70430379746835;0.125569620253165;0.163249936096054;4.70597938248838;4.7088100927985
1;5.456;18217.846;6.70662;150.338893995678;4.70759493670886;0.11987341772152;0.163503689821211;4.70912090781317;4.7119585292093
1;5.47;18217.86;6.34524;139.512447712726;4.70886075949367;0.122468354430378;0.163101284931064;4.7104530727029;4.71327594983387
1;5.486;18217.876;6.00438;129.57301679502;4.70917721518987;0.126898734177216;0.149362394323772;4.71088668222865;4.71325391397889
1;5.5;18217.89;5.68632;120.534120236092;4.70803797468354;0.125632911392405;0.138425645470065;4.70971391907059;4.71174774991309
1;5.516;18217.906;5.38764;111.63820116356;4.71158227848101;0.119240506329115;0.127039794483455;4.71309090356275;4.71480275034156
1;5.53;18217.92;5.10948;103.255648236965;4.7156329113924;0.119113924050634;0.141434165874867;4.71713704294352;4.71925688061019
1;5.546;18217.936;4.8564;96.1448733703396;4.71525316455696;0.11360759493671;0.153449805821196;4.71662157603212;4.71911707148681
1;5.56;18217.95;4.61814;89.1155078328739;4.71962025316456;0.111075949367088;0.164755232331427;4.7209271547662;4.72380116931158
1;5.575;18217.965;4.40838;83.2399573528258;4.72151898734177;0.106835443037975;0.165262878319723;4.72272753392761;4.7256181795262
1;5.591;18217.981;4.2123;77.5720047905428;4.72677215189873;0.104303797468354;0.164791424952237;4.72792282700677;4.7307938521848
1;5.605;18217.995;4.0413;72.946966339722;4.72803797468354;0.101265822784811;0.1652607786558;4.72912231359202;4.73200897947963
1;5.621;18218.011;3.89082;69.0137786291902;4.72772151898734;0.103101265822787;0.164776398305517;4.72884559190827;4.73171553387868
1;5.635;18218.025;3.76086;65.5218483156047;4.72981012658228;0.0975949367088607;0.164102464879349;4.73081690674998;4.7336622422994
1;5.651;18218.041;3.65256;62.6792717774192;4.73082278481013;0.0978481012658214;0.163741424176569;4.73183457785666;4.73466680202433
1;5.665;18218.055;3.56364;60.3343099947546;4.73221518987342;0.0977848101265817;0.164243137274141;4.73322537730459;4.73607414220912
1;5.681;18218.071;3.4998;58.7006408781699;4.73259493670886;0.0965189873417707;0.164998108987925;4.73357906344447;4.73645385556002
1;5.695;18218.085;3.4542;57.4070204114569;4.73550632911392;0.0867088607594919;0.167476106577962;4.73630009813697;4.73926016018183
1;5.711;18218.101;3.42912;56.7164711201926;4.7370253164557;0.0712658227848113;0.169402862590773;4.73756136279409;4.74058909800178
1;5.725;18218.115;3.42342;56.5495464996041;4.73746835443038;0.0710759493670885;0.169916060787157;4.73800149850206;4.7410473175788
1;5.741;18218.131;3.42342;56.6052142643264;4.7373417721519;0.069683544303798;0.154455416379921;4.73785424665238;4.7403712236671
1;5.755;18218.145;3.42456;56.6294006683375;4.73784810126582;0.0737341772151918;0.144429562471724;4.73842182161506;4.74062245470714
1;5.771;18218.161;5.70114;118.049067353818;4.73613924050633;0.0812658227848093;0.136723930602554;4.73683639567768;4.73880918297162
1;5.785;18218.175;5.70114;118.098109342536;4.73613924050633;0.0794936708860767;0.128253379306104;4.73680632379822;4.73854229468075
0;6.33;18218.72;5.70456;118.53414880461;4.73322784810127;0.0842405063291132;0.120702628425091;4.7339774318165;4.735515964439
0;6.93;18219.32;5.70342;118.565692088262;4.73341772151899;0.0670886075949362;0.113228688103536;4.73389313437249;4.7352470836767
0;7.531;18219.921;5.70456;118.728776917385;4.73253164556962;0.0646202531645557;0.1068713791195;4.7329728029471;4.73417923669054
0;8.13;18220.52;5.70456;118.680176839385;4.73259493670886;0.0800632911392398;0.106398447423447;4.73327212037829;4.73446782597205
0;8.729;18221.119;5.70114;119.508869677627;4.72455696202531;0.0715189873417721;0.102419503513413;4.72509824797033;4.72620812149361
0;9.329;18221.719;5.7;119.414127190962;4.72594936708861;0.0386708860759484;0.0972411950421391;4.72610757999806;4.72710785869419
0;13.891;18226.281;5.70342;119.343039691207;4.72354430379747;0.155759493670885;0.0934493201310099;4.72611170094467;4.7270354965072
0;14.491;18226.881;5.70456;119.978437696624;4.71879746835443;0.147531645569622;0.0855000896314437;4.72110316915365;4.72187731724572
0;15.091;18227.481;5.70342;119.576501897635;4.72272151898734;0.139746835443038;0.0789675222525911;4.72478864330696;4.72544850712535
0;15.69;18228.08;5.7;119.399567769771;4.72379746835443;0.140506329113924;0.0632715081527015;4.72588664173748;4.72631017119028
0;16.291;18228.681;5.70342;119.733171342321;4.7223417721519;0.118544303797467;0.0769008177189036;4.7238294385989;4.72445534434811
0;16.89;18229.28;3.42456;57.2573432939292;4.72569620253165;0.139430379746836;0.0963945345726263;4.72775268276783;4.72873527866742
2;16.966;18229.356;3.42342;56.7261351732433;4.73411392405063;0.144050632911393;0.115638075455407;4.73630501876011;4.73771647476158
2;16.98;18229.37;3.42114;56.5190626104065;4.73620253164557;0.139620253164555;0.137068440095747;4.73826004308118;4.74024218718094
2;16.996;18229.386;3.4314;56.5941861441201;4.7376582278481;0.150569620253165;0.162999479377422;4.74005028395691;4.74285204541711
2;17.01;18229.4;3.46788;57.5141880976048;4.7379746835443;0.138164556962025;0.164661030688488;4.73998877073641;4.74284796316882
2;17.025;18229.415;3.5169;58.5828942076246;4.74094936708861;0.134050632911393;0.165960768230649;4.74284413337417;4.74574688010997
2;17.041;18229.431;3.591;60.6113021815754;4.7379746835443;0.133291139240505;0.166003290943728;4.73984922014475;4.74275528804839
2;17.055;18229.445;3.68562;63.0264914975011;4.7376582278481;0.133670886075949;0.165752995131443;4.73954358453229;4.74244108504009
2;17.071;18229.461;3.8019;65.9695971678792;4.73822784810127;0.132215189873419;0.16524345941172;4.74007215102846;4.74295154917631
2;17.085;18229.475;3.9387;69.6303928958019;4.73658227848101;0.126645569620255;0.163235649899953;4.73827508499927;4.74108602100015
2;17.101;18229.491;4.0983;73.8589297809361;4.73594936708861;0.120569620253164;0.16408723322616;4.73748387236885;4.74032467886566
2;17.115;18229.505;4.27614;78.3117300784725;4.73917721518987;0.121518987341773;0.16668137834229;4.740734915734;4.7436642190553
2;17.131;18229.521;4.47906;83.6585188292459;4.73962025316456;0.126329113924049;0.169460996129086;4.74130353270411;4.74433095582945
2;17.145;18229.535;4.69908;90.117249858019;4.73316455696203;0.128544303797467;0.169465714172625;4.73490975218328;4.73794142952404
2;17.16;18229.55;4.93962;96.6866703524801;4.73367088607595;0.123481012658228;0.168992715622991;4.73528115513431;4.73829570163195
2;17.176;18229.566;5.20296;104.092826060932;4.73259493670886;0.120886075949368;0.168998457562084;4.73413859939913;4.7371540778171
2;17.19;18229.58;5.48568;111.849832646221;4.73462025316456;0.107278481012658;0.169999943093134;4.73583547161052;4.73888569125866
2;17.206;18229.596;5.79348;120.739763516145;4.73284810126582;0.102405063291139;0.171788025942375;4.73395584544714;4.73707178249394
2;17.22;18229.61;6.11724;130.54856571568;4.72740506329114;0.113037974683545;0.174510496601218;4.72875630754549;4.73197528835213
2;17.236;18229.626;6.46836;140.754641783959;4.72689873417721;0.106329113924051;0.176449709068774;4.72809449182586;4.73138584597203
2;17.25;18229.64;6.83544;151.546088790152;4.72582278481013;0.10620253164557;0.17786405180113;4.72701596899761;4.73036104246616
2;17.266;18229.656;7.21962;163.410588155068;4.72151898734177;0.103164556962025;0.178894360917851;4.72264591872417;4.72603297343663
2;17.28;18229.67;7.6323;175.870846886658;4.71943037974684;0.103291139240508;0.18025;4.72056057780461;4.72400065952821
2;17.296;18229.686;8.0655;188.708094181316;4.71854430379747;0.10259493670886;0.190616150348355;4.71965952881538;4.7235072334772
2;17.31;18229.7;8.5158;202.263398601428;4.71651898734177;0.102215189873419;0.201779021797688;4.71762644801348;4.72193965194749
2;17.326;18229.716;8.9889;216.434245991244;4.71487341772152;0.101835443037974;0.213520023742469;4.71597304939243;4.72080423266362
2;17.34;18229.73;9.48252;231.387429362805;4.71348101265823;0.0859493670886078;0.217911843565826;4.71426458213713;4.71929826583983
2;17.356;18229.746;9.99552;247.085471674611;4.71139240506329;0.0787974683544306;0.217769004351784;4.71205129805556;4.71708074711081
2;17.37;18229.76;10.53588;263.328557639073;4.71044303797468;0.0743670886075964;0.216742248228996;4.71103004425488;4.71601328242823
2;17.386;18229.776;11.0922;280.206646638409;4.70886075949367;0.0603164556962028;0.216235713639805;4.70924704460565;4.71420890616659
2;17.4;18229.79;11.6679;297.093184719423;4.70879746835443;0.059936708860759;0.217108105373055;4.70917891007022;4.7141809401495
2;17.416;18229.806;12.26982;315.319395162659;4.70651898734177;0.0519620253164543;0.217105377273866;4.70680582032907;4.71181024396408
2;17.43;18229.82;12.88998;333.711814446049;4.70518987341772;0.0456962025316461;0.21718067393696;4.70541176602415;4.71042114178448
2;17.446;18229.836;13.53408;352.088651746226;4.70582278481013;0.0478481012658225;0.2141942594045;4.70606603468682;4.71093798553905
2;17.46;18229.85;14.19642;371.711291210757;4.70443037974683;0.0494303797468358;0.201227552253176;4.7046900599643;4.70899151497565
2;17.476;18229.866;14.87814;393.045586999551;4.69886075949367;0.0524050632911397;0.194230455708102;4.69915297982179;4.70316533811991
2;17.49;18229.88;15.5838;412.573802709752;4.7;0.0461392405063297;0.188917838966683;4.70022646576891;4.70402155388284
2;17.506;18229.896;16.31112;432.845755151063;4.70006329113924;0.0531645569620256;0.179773679287741;4.70036396578303;4.70380058958671
2;17.52;18229.91;17.05782;454.307749366717;4.6979746835443;0.0451898734177227;0.172605279109768;4.69819201947757;4.70136159365128
2;17.536;18229.926;17.8239;475.212789269588;4.69784810126582;0.0365189873417737;0.16710759189714;4.69799004032611;4.70096111090839
2;17.55;18229.94;18.61506;497.67009035643;4.69481012658228;0.0382911392405045;0.163075943957111;4.69496627634362;4.69779757966447
2;17.566;18229.956;19.42332;517.8850648655;4.69696202531645;0.0366455696202532;0.163021694632083;4.69710497700846;4.69993310994511
2;17.581;18229.971;20.25552;539.271192390643;4.69696202531646;0.0375949367088602;0.164068587375808;4.69711247965503;4.69997703695396
2;17.595;18229.985;21.1014;562.402169828469;4.69341772151899;0.0384177215189876;0.164919310108791;4.69357495199503;4.69647146364608
2;17.611;18230.001;21.98034;584.575468658907;4.69284810126582;0.0397468354430384;0.165478397109045;4.69301641937059;4.69593294377079
2;17.625;18230.015;22.87182;607.201098933396;4.69145569620253;0.0358860759493655;0.1645;4.6915929448193;4.6944759675472
2;17.641;18230.031;23.78496;628.868232528681;4.69196202531646;0.031898734177215;0.165488646003919;4.69207045729855;4.69498793057128
2;17.655;18230.045;24.72318;651.391373361669;4.69126582278481;0.0293037974683532;0.165481187694906;4.69135734437006;4.69427499791563
2;17.671;18230.061;25.67964;674.826546101359;4.68898734177215;0.0296835443037988;0.165834756224269;4.68908129638439;4.69201284849838
2;17.685;18230.075;26.66118;696.612055413768;4.6896835443038;0.034493670886075;0.166009367964095;4.68981039691852;4.692747667337
2;17.701;18230.091;27.65868;718.665075563325;4.68981012658228;0.0297468354430386;0.16674553446332;4.68990446572343;4.6928677768371
2;17.715;18230.105;28.67556;743.18738869922;4.68607594936709;0.0270253164556955;0.166751050783756;4.68615387828507;4.68911975576479
2;17.731;18230.121;29.71638;764.211435891557;4.68778481012658;0.0217088607594942;0.167498594600113;4.68783507609739;4.69082652417269
2;17.745;18230.135;30.78;786.183490219369;4.6879746835443;0.0208227848101252;0.168;4.68802092805904;4.69103018770073
2;17.761;18230.151;31.86072;811.458203080005;4.68322784810127;0.0227848101265824;0.169001299041384;4.68328327402942;4.68633157852508
2;17.777;18230.167;32.96994;833.186743540212;4.68373417721519;0.0171518987341788;0.169999546977218;4.68376558235399;4.68684967503933
2;17.791;18230.181;34.09284;854.046669516325;4.68493670886076;0.0198734177215183;0.171765573835249;4.68497886001239;4.6881265267821
2;17.805;18230.195;35.24082;877.286342273916;4.68297468354431;0.0190506329113926;0.173018359933167;4.68301343296506;4.68620850647996
2;17.821;18230.211;36.4059;898.045109625224;4.68392405063291;0.0135443037974685;0.175975536157957;4.68394363333535;4.68724816385786
2;17.835;18230.225;37.59606;920.838705777979;4.6823417721519;0.0162658227848116;0.176086256400482;4.68237002470218;4.68567982452094
2;17.851;18230.241;38.80788;940.586142462346;4.68443037974684;0.0160126582278473;0.175505673795298;4.68445774747928;4.68774430077548
2;17.865;18230.255;40.03566;963.935486263691;4.68189873417722;0.0182278481012652;0.173744080024074;4.68193421691683;4.68515688284608
2;17.881;18230.271;41.28738;985.870928394353;4.68082278481013;0.0160759493670888;0.175;4.68085039057495;4.6841205555521
2;17.895;18230.285;42.56076;1006.6894280813;4.68088607594937;0.0100632911392395;0.176249645829189;4.68089689331491;4.68421387892356
2;17.911;18230.301;43.85352;1029.28530440395;4.67879746835443;0.0114556962025318;0.175763197155681;4.67881149255399;4.68211166935708
2;17.925;18230.315;45.16794;1050.54663024961;4.67803797468354;0.00702531645569593;0.175839290927375;4.67804324986982;4.68134682584899
2;17.941;18230.331;44.72106;1045.98670269567;4.6753164556962;0.006075949367089;0.177515218587637;4.67532040378672;4.67868918938784
2;17.955;18230.345;43.41234;1023.14293585379;4.67759493670886;0.00740506329113977;0.179268318881654;4.67760079815355;4.68103475281282
2;17.971;18230.361;42.12528;1001.67809417835;4.67816455696203;0.00829113924050517;0.181312228387761;4.67817190417428;4.68168415094062
2;17.985;18230.375;40.86102;981.105010266361;4.67772151898734;0.00753164556961927;0.180702587008754;4.67772758237183;4.68121658971617
2;18.001;18230.391;39.61614;957.931154426976;4.68012658227848;0.0115189873417716;0.179820347824797;4.68014075784255;4.68359401215678
2;18.015;18230.405;38.39064;936.245811570877;4.68063291139241;0.00974683544303723;0.178379152057193;4.68064305966722;4.68404083819724
2;18.031;18230.421;37.18794;914.928602625172;4.68056962025316;0.0128481012658224;0.176116032368587;4.68058725415337;4.68389943322871
2;18.045;18230.435;36.01032;893.04396294045;4.68107594936709;0.0110126582278482;0.175;4.68108890349075;4.68435890196131
2;18.061;18230.451;34.84752;872.101912730326;4.68006329113924;0.0123417721518972;0.17325;4.68007956432462;4.68328520281532
2;18.075;18230.465;33.70638;848.482280944943;4.68253164556962;0.00632911392404978;0.170498827990284;4.68253592292083;4.68563896600987
2;18.091;18230.481;32.59146;828.713481091869;4.67974683544304;0.0119620253164552;0.167764549243564;4.67976212364355;4.68276824943022
2;18.105;18230.495;31.49364;806.164036555133;4.68050632911392;0.00987341772152028;0.165268329737316;4.68051674297326;4.68343363378485
2;18.121;18230.511;30.41634;783.303749273703;4.68145569620253;0.00841772151898645;0.165297645839657;4.68146326414538;4.684380599958
2;18.135;18230.525;29.3607;760.251254020813;4.6826582278481;0.00506329113924053;0.165518355675161;4.68266096527932;4.6855853467647
2;18.151;18230.541;28.32786;738.636781295887;4.68158227848101;0.00569620253164516;0.167485771070242;4.68158574383838;4.68458072407998
2;18.165;18230.555;27.31668;714.446383008522;4.68462025316456;0.00259493670886179;0.167811206793441;4.684620971867;4.68762565177527
2;18.181;18230.571;26.32374;692.918457165568;4.68341772151899;0.00468354430379669;0.167186544051385;4.68342006335385;4.68640318691608
2;18.196;18230.586;25.35474;669.362704579512;4.68563291139241;0.00329113924050617;0.167613778000574;4.68563406722305;4.68863103586717
2;18.212;18230.602;24.40284;647.543628317898;4.6846835443038;0.00139240506329052;0.170725637977804;4.68468375123259;4.68779362733958
2;18.226;18230.616;23.47374;623.356014070996;4.68816455696203;0.00702531645569593;0.17325;4.68816982075375;4.69136993113166
2;18.241;18230.631;22.5663;602.569782814946;4.68588607594937;0.00765822784810233;0.172748232062346;4.68589233393491;4.68907548637368
2;18.257;18230.647;21.68052;580.30776701527;4.68658227848101;0.0075949367088608;0.1715;4.68658843254194;4.68972529963493
2;18.271;18230.661;20.81298;557.722558837526;4.68803797468354;0.0118987341772137;0.17075721635247;4.68805307477955;4.69116186662605
2;18.287;18230.677;19.96938;535.000553598224;4.6903164556962;0.0120253164556949;0.170999705098698;4.69033187128698;4.6934479822359
2;18.301;18230.691;19.14858;514.05479836997;4.68936708860759;0.0115822784810131;0.1715;4.68938139213382;4.69251639218137
2;18.317;18230.707;18.34374;492.998913732343;4.68886075949367;0.0141772151898749;0.17002304519449;4.68888219252202;4.69196377343723
2;18.331;18230.721;17.5617;472.276965169667;4.68810126582278;0.0186075949367108;0.16937605387632;4.68813819348348;4.69119685888636
2;18.347;18230.737;16.80018;451.298945774829;4.68848101265823;0.0201265822784809;0.169511120118175;4.6885242118785;4.69158750373631
2;18.361;18230.751;16.06374;430.249557679022;4.69012658227848;0.0151898734177198;0.170244479526026;4.69015117987146;4.69323995474968
2;18.377;18230.767;15.34098;409.34699220869;4.69196202531646;0.0113291139240506;0.168749558651555;4.69197570281795;4.69500930876384
2;18.391;18230.781;14.64558;389.191548991753;4.69329113924051;0.00753164556962105;0.167767722231105;4.69329718251023;4.6962947577831
2;18.407;18230.797;13.9707;370.111910158942;4.69253164556962;0.0105063291139249;0.167501964260681;4.69254340711131;4.69553197578879
2;18.421;18230.811;13.31064;350.0280209479;4.69556962025316;0.0116455696202529;0.167499974190914;4.69558406142795;4.69857062512528
2;18.437;18230.827;12.67908;332.017773040562;4.69430379746835;0.0143670886075959;0.165272955048642;4.69432578291716;4.69723426133202
2;18.451;18230.841;12.06348;313.561470534324;4.69550632911392;0.0134177215189872;0.164113152866696;4.69552550009045;4.69839258139882
2;18.467;18230.857;11.47524;295.543274566011;4.6976582278481;0.0162658227848098;0.163727350300293;4.69768638828305;4.70053869762777
2;18.481;18230.871;10.8984;278.190840923337;4.69835443037975;0.0158860759493678;0.163240764479159;4.6983812873029;4.70121625412678
2;18.497;18230.887;10.35348;261.434144581321;4.7003164556962;0.0131012658227849;0.161998978346256;4.70033471434266;4.70312556666733
2;18.511;18230.901;9.81882;245.626946635323;4.69924050632911;0.0229113924050637;0.161079216310109;4.69929635884206;4.70205622915691
2;18.527;18230.917;9.31494;229.815657150182;4.70221518987342;0.0194303797468365;0.161938502322984;4.7022553345744;4.70504296580467
2;18.541;18230.931;8.82702;214.682614990322;4.70430379746836;0.0324683544303799;0.162749763329062;4.70441584183569;4.70723017265762
2;18.557;18230.947;8.35962;200.591403211866;4.70449367088607;0.0296202531645555;0.163560970447129;4.70458691691467;4.70742926126971
2;18.571;18230.961;7.91502;187.225183671931;4.7043670886076;0.0394303797468378;0.164420730129541;4.70453233161611;4.70740466028975
2;18.587;18230.977;7.49094;174.213048605337;4.70632911392405;0.0335443037974681;0.1635124982099;4.70644865571552;4.70928819313039
2;18.601;18230.991;7.08738;162.134189558711;4.70651898734177;0.0283544303797463;0.164783577241712;4.70660439722001;4.70948814408311
2;18.617;18231.007;6.7032;150.290442387494;4.70930379746835;0.0418987341772166;0.166496606414075;4.70949018055835;4.71243237412729
2;18.631;18231.021;6.34524;139.708135980361;4.70949367088608;0.0394936708860758;0.167501897921618;4.70965926433708;4.71263697646693
2;18.647;18231.037;6.00438;129.703414979965;4.70936708860759;0.0590506329113918;0.166748445836173;4.70973729124116;4.71268823461688
2;18.661;18231.051;5.6829;120.258184044901;4.7103164556962;0.0543670886075951;0.16767832287151;4.71063020127096;4.71361357273664
2;18.677;18231.067;5.38992;111.527989156104;4.71310126582278;0.0579113924050638;0.16725522017265;4.71345704035484;4.71642360056278
2;18.691;18231.081;5.1129;103.643170964277;4.71322784810127;0.0514556962025328;0.167602547966849;4.71350871822563;4.71648757560899
2;18.707;18231.097;4.85526;96.1273635684921;4.71601265822785;0.0580379746835433;0.167130733265015;4.71636976912017;4.71933008816637
2;18.721;18231.111;4.61814;89.4444850842757;4.71689873417722;0.0648101265822785;0.168491115674402;4.71734395830855;4.72035202893295
2;18.737;18231.127;4.40724;83.4641671429207;4.7193670886076;0.0646202531645592;0.168;4.71980947646741;4.7227984812134
2;18.751;18231.141;4.21458;78.2359102025621;4.71949367088608;0.06487341772152;0.168;4.71993951972487;4.72292844217024
2;18.767;18231.157;4.04244;73.565788563263;4.71993670886076;0.0758860759493665;0.170587556156608;4.72054670903428;4.72362798561549
2;18.781;18231.171;3.89196;69.5195523248521;4.72056962025316;0.0778481012658219;0.17528573802052;4.72121148292764;4.72446430365192
2;18.797;18231.187;3.76314;66.0853888056682;4.72145569620253;0.0768354430379734;0.177738751359989;4.7220808523902;4.72542470474826
2;18.811;18231.201;3.65256;63.1400829560775;4.72291139240506;0.0728481012658211;0.178064327482704;4.72347317832626;4.72682829930276
2;18.827;18231.217;3.56364;60.8741661844107;4.72240506329114;0.0824683544303806;0.177785810963088;4.72312508952285;4.72646997302004
2;18.841;18231.231;3.4998;59.1603580537769;4.72373417721519;0.0863924050632896;0.17960106777919;4.7245241267924;4.72793662903712
2;18.857;18231.247;3.44964;57.6741498591085;4.72810126582278;0.0747468354430385;0.178773555978063;4.7286920675049;4.73207022914927
2;18.871;18231.261;3.42912;57.2708211614382;4.72556962025317;0.0917088607594927;0.17787506513769;4.72645943080034;4.72980531203972
2;18.887;18231.277;3.42114;56.8887847795942;4.72930379746836;0.0789873417721516;0.178388167498235;4.72996336232204;4.73332607657789
2;18.901;18231.291;3.42114;56.8610073027986;4.72886075949367;0.0915822784810132;0.187370106368757;4.72974749816635;4.73345739953065
2;18.917;18231.307;3.42114;56.7892993731945;4.72943037974683;0.0917721518987342;0.1985806696892;4.73032069153207;4.73448710285609
2;18.931;18231.321;5.70456;118.109272174907;4.73158227848101;0.0905063291139232;0.21104685633267;4.73244780780995;4.73715136228653
2;18.947;18231.337;5.70114;118.269559257619;4.72803797468355;0.0965189873417724;0.223676079872717;4.72902304973947;4.73430987512165
0;19.492;18231.882;5.70342;119.521043200267;4.71822784810127;0.072278481012658;0.220175292441333;4.71878143225725;4.72391525800553
0;20.092;18232.482;5.70342;119.579851659427;4.71924050632911;0.0999999999999996;0.187262987998004;4.72029987994168;4.7240129533323
0;20.691;18233.081;5.70342;119.494410618507;4.72145569620253;0.0824050632911408;0.173824071917254;4.72217476229537;4.7253729264088
0;21.291;18233.681;5.70342;119.878381753336;4.71898734177215;0.0939873417721522;0.150242988894668;4.71992321465288;4.72231385106191
0;21.89;18234.28;5.7057;120.02036947513;4.71892405063291;0.0899367088607583;0.140772183338482;4.71978101263633;4.72187988145022
0;22.49;18234.88;5.70456;120.463985814245;4.71556962025316;0.0714556962025323;0.132784820951365;4.71611097833526;4.71797992457041
0;26.608;18238.998;5.70114;121.951773961009;4.70278481012658;0.00481012658227797;0.123932015358841;4.70278727008516;4.70441996978437
0;27.208;18239.598;5.70342;121.975641920946;4.70348101265823;0.0159493670886075;0.115515145543838;4.70350805450006;4.70492632966734
0;27.808;18240.198;5.70342;121.93451279183;4.70386075949367;0.0225949367088596;0.113980394508796;4.7039150264295;4.70529575119371
0;28.408;18240.798;5.70456;122.009659765158;4.70335443037975;0.0410759493670891;0.112166127582176;4.70353379188342;4.70487102602887
0;29.009;18241.399;5.7057;121.874873912567;4.70449367088607;0.048860759493671;0.117440804198535;4.7047473973876;4.70621295902727
0;29.609;18241.999;3.42456;58.5051131524694;4.70518987341772;0.0259493670886073;0.12293517011776;4.70526142892879;4.70686712905908
3;29.683;18242.073;3.42342;58.1564686117869;4.71082278481013;0.00537974683544284;0.128726905256041;4.71082585663727;4.71258430881603
3;29.699;18242.089;3.42342;58.04119513453;4.7120253164557;0.00170886075949284;0.147065911769943;4.71202562632298;4.71432008730095
3;29.713;18242.103;3.43596;58.1554825551275;4.71424050632911;0.00177215189873614;0.173864215700444;4.714240839418;4.71744586164353
3;29.728;18242.118;3.46446;59.0028084164716;4.71202531645569;0.00126582278480925;0.174803315926119;4.7120254864789;4.71526673524261
3;29.744;18242.134;3.5169;60.3261944395542;4.71240506329114;0.00208860759493668;0.175;4.712405526142;4.7156538086265
3;29.758;18242.148;3.59214;62.1495631984328;4.71449367088607;0.0021518987341782;0.173751406998326;4.71449416199586;4.71769485606338
3;29.774;18242.164;3.68562;64.6249942606008;4.71373417721519;0.0020886075949349;0.172750057410776;4.71373463993554;4.71689907015866
3;29.788;18242.178;3.80076;67.5811950479062;4.7146835443038;0.000379746835443839;0.172504271367052;4.71468355959726;4.71783835996705
3;29.804;18242.194;3.94212;71.462274004176;4.71253164556962;0.00708860759493923;0.172245719920387;4.71253697692153;4.71568376239158
3;29.818;18242.208;4.0983;75.6666612469779;4.71227848101266;0.00335443037974592;0.171003067981545;4.71227967493634;4.71538140388211
3;29.834;18242.224;4.27614;80.4591584803394;4.7126582278481;0.00424050632911488;0.169521085539012;4.71266013567691;4.71570810725607
3;29.848;18242.238;4.47564;85.8451142352959;4.71354430379747;0.00430379746835285;0.170245104830058;4.71354626863195;4.71661974535289
3;29.864;18242.254;4.6968;92.279843970177;4.70974683544304;0.0105696202531647;0.171745557651575;4.70975869560618;4.71288908286743
3;29.878;18242.268;4.94076;99.1058229146681;4.70987341772152;0.00379746835443129;0.173477989460801;4.70987494862928;4.71306870781162
3;29.894;18242.284;5.20524;106.717711348679;4.70873417721519;0.00208860759493668;0.1736406491861;4.70873464042688;4.71193516392213
3;29.908;18242.298;5.48682;114.817103005419;4.70848101265823;0.00620253164557028;0.173485431191869;4.7084850979866;4.71168007326449
3;29.923;18242.313;5.79348;123.79461383434;4.70753164556962;0.00227848101265771;0.174237731071826;4.70753219697063;4.71075558402728
3;29.939;18242.329;6.11724;133.352319630034;4.70651898734177;0.00259493670886002;0.176794151420731;4.7065197027002;4.70983905074066
3;29.953;18242.343;6.46836;144.03826100757;4.70373417721519;0.0019620253164554;0.178853394660466;4.70373458641595;4.70713369219817
3;29.969;18242.359;6.83658;154.888997077422;4.70417721518987;0.00259493670886179;0.180441279276825;4.70417793090441;4.7076373119512
3;29.983;18242.373;7.22418;166.699997395617;4.70240506329114;0.00240506329114076;0.181998097768741;4.70240567833057;4.70592631382887
3;29.999;18242.389;7.63002;178.978753478965;4.70139240506329;0.00379746835443129;0.186512241660757;4.70139393873271;4.70509211211024
3;30.013;18242.403;8.06208;192.109145531204;4.70037974683544;0.00493670886075925;0.189547131616909;4.70038233929488;4.70420261581699
3;30.029;18242.419;8.5158;206.07939926047;4.69867088607595;0.0111392405063278;0.190796132416349;4.69868409007637;4.70255625617407
3;30.043;18242.433;8.98776;220.648020677537;4.695;0.0176582278481003;0.21784711889935;4.69503320680597;4.70008448649846
3;30.059;18242.449;9.4848;235.8414622919;4.69550632911392;0.0187341772151903;0.199200182474138;4.69554370186721;4.6997671611307
3;30.073;18242.463;9.9978;251.944711565995;4.69329113924051;0.018227848101267;0.190829927576354;4.69332653585065;4.69720449133084
3;30.089;18242.479;10.53246;268.558785596598;4.69164556962025;0.0244936708860752;0.183109934561324;4.6917095062302;4.69528139082056
3;30.103;18242.493;11.09106;285.145466626912;4.69259493670886;0.0239873417721519;0.179629400356954;4.69265624487783;4.6960929882258
3;30.119;18242.509;11.67132;302.506390417063;4.69170886075949;0.0295569620253175;0.189327563167413;4.69180196173424;4.69562036096491
3;30.133;18242.523;12.26982;320.803593435463;4.68905063291139;0.0312658227848104;0.199260530004329;4.68915486944941;4.69338663957049
3;30.149;18242.539;12.89112;339.314448043028;4.6879746835443;0.0312025316455689;0.204442130935195;4.68807852233017;4.69253415719425
3;30.163;18242.553;13.53408;358.160595182983;4.68689873417721;0.0315189873417712;0.215697095223097;4.68700471420661;4.69196530548583
3;30.179;18242.569;14.19642;377.37031992633;4.68727848101266;0.039113924050632;0.207504238572161;4.6874416751165;4.69203233861878
3;30.193;18242.583;14.87814;397.641588574856;4.68569620253164;0.041455696202533;0.199491231816087;4.68587958415142;4.6901241165601
3;30.209;18242.599;15.58494;418.389632931855;4.68436708860759;0.0343670886075937;0.192464688691747;4.68449315482575;4.6884452405891
3;30.223;18242.613;16.3077;438.762900083317;4.68436708860759;0.0424683544303797;0.18637647381665;4.68455959316967;4.68826564647849
3;30.239;18242.629;17.05668;460.390877487258;4.68240506329114;0.0468987341772173;0.181274139186564;4.6826399250852;4.68614734953349
3;30.253;18242.643;17.82618;482.799726104428;4.67917721518987;0.0508227848101281;0.179997127438113;4.67945321235376;4.68291376522074
3;30.269;18242.659;18.61392;504.636634071979;4.67791139240506;0.0475949367088582;0.18017144554111;4.67815351107607;4.68162173001854
3;30.284;18242.674;19.42332;525.830311724235;4.67841772151899;0.0502531645569633;0.181994686649968;4.67868761059882;4.68222594751041
3;30.298;18242.688;20.25438;549.512589540359;4.67455696202532;0.049936708860761;0.1793362699624;4.67482368289021;4.67826228035958
3;30.314;18242.704;21.10482;571.197653051667;4.67506329113924;0.0501898734177235;0.178289816960081;4.67533269399637;4.67873092391334
3;30.328;18242.718;21.97464;593.906306362235;4.67360759493671;0.0491139240506318;0.180332299245205;4.67386565157641;4.67734324880448
3;30.344;18242.734;22.87182;616.076175451426;4.67360759493671;0.0491139240506335;0.183926064854566;4.67386565157641;4.67748318290067
3;30.358;18242.748;23.78724;638.681488554435;4.6729746835443;0.0518987341772164;0.18497925084512;4.67326287209003;4.67692240633714
3;30.374;18242.764;24.72318;662.194306662708;4.67107594936709;0.0499367088607574;0.185015155268156;4.67134286898826;4.67500532698374
3;30.388;18242.778;25.6785;683.978424401021;4.67215189873418;0.0499367088607592;0.184750762064564;4.67241875688997;4.67606991861977
3;30.404;18242.794;26.65776;707.423651795991;4.67075949367089;0.0475949367088599;0.183417728695221;4.67100198305642;4.67460175725342
3;30.418;18242.808;27.6564;730.576351006502;4.66993670886076;0.0448101265822771;0.180967073139866;4.67015169049246;4.67365658706011
3;30.434;18242.824;28.6767;753.250719601224;4.66981012658228;0.0474683544303804;0.17825423381427;4.67005137691254;4.67345208971649
3;30.448;18242.838;29.71752;777.117592743546;4.66791139240507;0.05018987341772;0.175;4.66818120800154;4.6714602418022
3;30.464;18242.854;30.78114;799.423301400859;4.66803797468355;0.0529746835443046;0.175995418000662;4.66833855350962;4.67165487138568
3;30.478;18242.868;31.86756;823.845947232146;4.66525316455696;0.0533544303797466;0.176454297766539;4.66555825005432;4.66889386298834
3;30.496;18242.886;32.97108;845.508443558578;4.66613924050633;0.056202531645571;0.175493866424743;4.66647770125995;4.66977646504723
3;30.513;18242.903;34.09284;869.563266821288;4.66367088607595;0.0570253164556966;0.174639695082007;4.66401951328994;4.66728797520012
3;30.525;18242.915;35.24082;892.769509311478;4.6623417721519;0.0577848101265808;0.174582455858643;4.66269984929696;4.66596709359673
3;30.539;18242.929;36.40932;915.462760715084;4.66139240506329;0.0584810126582287;0.176777653550041;4.66175923690009;4.66510980809862
3;30.553;18242.943;37.5972;934.6758726326;4.66455696202532;0.0584177215189872;0.1785;4.66492275200419;4.66833659156731
3;30.569;18242.959;38.80332;956.766258297954;4.66284810126582;0.0569620253164551;0.19570494898835;4.66319601644692;4.66730088111587
3;30.583;18242.973;40.03566;978.857371158034;4.66183544303797;0.057721518987341;0.201036704495731;4.66219277504902;4.66652517707488
3;30.598;18242.988;41.28738;1000.98418868664;4.66037974683544;0.0631645569620254;0.207390258327974;4.66080777826872;4.66541958083295
3;30.614;18243.004;42.55962;1021.55155162811;4.66025316455696;0.0591772151898731;0.21917772476108;4.66062887393545;4.66577971785984
3;30.628;18243.018;43.85238;1043.48896454167;4.65911392405063;0.0580379746835451;0.220800607827105;4.6594753957702;4.6647040497983
3;30.644;18243.034;45.16908;1063.96521808247;4.66006329113924;0.0593670886075959;0.21394892396489;4.66044143066225;4.66534976938482
3;30.658;18243.048;44.71764;1056.04369076832;4.66107594936709;0.062468354430381;0.211649265907491;4.66149453513286;4.66629689505851
3;30.674;18243.064;43.4112;1038.05910998409;4.65759493670886;0.0594936708860754;0.216233084924061;4.65797489165963;4.66299119003535
3;30.688;18243.078;42.12528;1014.5624901431;4.66006329113924;0.0611392405063285;0.218372264154903;4.66046434211798;4.66557759874437
3;30.704;18243.094;40.85646;994.058563777911;4.65867088607595;0.0664556962025316;0.22225;4.65914485547825;4.66444271556951
3;30.718;18243.108;39.61614;971.506550228181;4.66025316455696;0.0580379746835451;0.221957572269608;4.66061454791839;4.66589681927884
3;30.734;18243.124;38.39178;948.56752297815;4.66215189873418;0.0581645569620264;0.218049611294173;4.66251471231537;4.66761063881113
3;30.748;18243.138;37.18908;927.83748476836;4.66177215189873;0.0544936708860781;0.208014344608936;4.66209064223179;4.66672895334069
3;30.764;18243.154;36.00918;906.712831628369;4.66151898734177;0.0596202531645567;0.197200865911274;4.66190023959493;4.66606922638868
3;30.778;18243.168;34.8498;884.652067446273;4.66227848101266;0.0594303797468356;0.186783108243754;4.6626572471661;4.66639695419022
3;30.794;18243.184;33.70752;863.490025788148;4.66151898734177;0.056582278481013;0.177621140957523;4.66186237716065;4.66524491246719
3;30.808;18243.198;32.59374;839.36776840106;4.66424050632912;0.0567088607594926;0.174769698095457;4.66458523298373;4.66785816441998
3;30.824;18243.214;31.49364;818.326768095528;4.66240506329114;0.0558227848101254;0.17325;4.66273923327338;4.66595678505564
3;30.838;18243.228;30.41862;796.256807321384;4.66183544303797;0.057911392405062;0.172245005629849;4.66219512969324;4.66537584437736
3;30.854;18243.244;29.36184;773.229949395664;4.6626582278481;0.05126582278481;0.170754267159206;4.6629400526176;4.66606546825679
3;30.868;18243.258;28.329;751.033862279362;4.66208860759494;0.0510126582278474;0.170249943115251;4.66236768995818;4.66547505828685
3;30.884;18243.274;27.31668;727.776900921725;4.66291139240506;0.0545569620253179;0.170998950721441;4.66323054496841;4.66636472606612
3;30.898;18243.288;26.32374;704.704293100839;4.66348101265823;0.054050632911391;0.17199806036918;4.66379423070336;4.66696474800407
3;30.914;18243.304;25.35474;680.842312524663;4.66569620253165;0.0486708860759499;0.171738088158048;4.66595005432652;4.6691095382732
3;30.928;18243.318;24.40284;658.211140664853;4.66569620253165;0.0513924050632895;0.171263008536588;4.66597923630361;4.66912125048273
3;30.944;18243.334;23.47488;635.812950199616;4.6656329113924;0.0441139240506327;0.1715;4.66584145703249;4.66899226302241
3;30.958;18243.348;22.56858;613.255997156009;4.66588607594937;0.0422151898734171;0.172242779504547;4.66607704565561;4.66925503384487
3;30.974;18243.364;21.67824;590.167063250023;4.66708860759494;0.0460126582278484;0.171998866542848;4.66731542065239;4.67048357731313
3;30.988;18243.378;20.8107;567.61578575077;4.66772151898734;0.0428481012658253;0.172494767725221;4.66791818036687;4.67110421458269
3;31.004;18243.394;19.96824;545.760512319782;4.66740506329114;0.045506329113925;0.172958761644578;4.66762689713147;4.67083028850919
3;31.018;18243.408;19.14288;524.089755477704;4.66696202531646;0.0439873417721515;0.172494764601516;4.66716931683243;4.67035586179437
3;31.034;18243.424;18.34146;502.005477695163;4.66810126582278;0.041835443037975;0.171000029259023;4.66828872631829;4.67141955322759
3;31.048;18243.438;17.5617;480.190578011748;4.66924050632911;0.0396202531645553;0.170251049282375;4.66940859964143;4.67251132584899
3;31.064;18243.454;16.7979;458.8310066607;4.66962025316456;0.0372151898734163;0.170248031357602;4.6697685466329;4.67287092388641
3;31.078;18243.468;16.06374;437.712297519966;4.67082278481013;0.0320886075949378;0.169981636457598;4.67093300806582;4.67402491676838
3;31.094;18243.484;15.34326;417.83029143977;4.66911392405063;0.0334177215189868;0.168925867952008;4.66923351096034;4.67228825402911
3;31.108;18243.498;14.64444;396.585407590939;4.6720253164557;0.0318987341772168;0.169013055156555;4.67213421113361;4.67519020999771
3;31.124;18243.514;13.96842;376.573723478891;4.67284810126582;0.0312025316455689;0.169494629691086;4.67295227618309;4.67602517155103
3;31.138;18243.528;13.31406;357.367346054411;4.67259493670886;0.0313291139240501;0.169824931590217;4.6726999642537;4.67578501038341
3;31.154;18243.544;12.67908;338.114953019562;4.67386075949367;0.0275949367088604;0.168864702236471;4.67394222040311;4.67699167920236
3;31.168;18243.558;12.06576;319.749632173257;4.67386075949367;0.0287341772151883;0.167323052129077;4.67394908531051;4.67694313156027
3;31.184;18243.574;11.47182;301.151590869807;4.67645569620253;0.0289240506329111;0.163728984004789;4.67654514350606;4.67941039656209
3;31.198;18243.588;10.90182;282.791446652753;4.67905063291139;0.0248101265822793;0.188078584470543;4.67911640886712;4.68289482282765
3;31.214;18243.604;10.3512;265.728573802293;4.67974683544304;0.0245569620253168;0.197223170958426;4.6798112663037;4.68396525044603
3;31.228;18243.618;9.82224;249.626150977713;4.67898734177215;0.0229113924050637;0.20611733978389;4.67904343604181;4.6835810908028
3;31.244;18243.634;9.3138;233.271717224945;4.68101265822785;0.0198734177215201;0.228188300070498;4.68105484471409;4.68661331448524
3;31.258;18243.648;8.82588;217.76961855902;4.68405063291139;0.0170886075949372;0.227819314865002;4.68408180460025;4.6896187470212
3;31.274;18243.664;8.3619;203.66667403573;4.68386075949367;0.0175949367088606;0.227267827741255;4.68389380709281;4.68940421180011
3;31.288;18243.678;7.91274;190.016461443273;4.68373417721519;0.00943037974683492;0.226492939021131;4.68374367091922;4.6892167604305
3;31.304;18243.694;7.4898;177.56526512956;4.68132911392405;0.0083544303797467;0.224499976251106;4.68133656869274;4.68671658079691
3;31.318;18243.708;7.08738;164.818021000094;4.68487341772152;0.00879746835443029;0.221783134474871;4.68488167785731;4.69012836650135
3;31.334;18243.724;6.7032;153.144197866614;4.68525316455696;0.00816455696202567;0.22336001227673;4.68526027836036;4.69058136813185
3;31.348;18243.738;6.34524;141.986256750581;4.68829113924051;0;0.224323759953238;4.68829113924051;4.69365475461933
3;31.364;18243.754;6.00438;131.843868413385;4.68822784810127;0.00537974683544284;0.225132424637641;4.68823093473308;4.69363333740626
3;31.378;18243.768;5.68632;122.171074315596;4.6906329113924;0.000632911392404623;0.225890252035247;4.69063295409206;4.69606898543654
3;31.394;18243.784;5.38764;113.27309461742;4.69215189873418;0.00145569620253028;0.227167885817556;4.69215212454223;4.69764800811992
3;31.408;18243.798;5.11176;105.133771943877;4.69360759493671;0.0104430379746852;0.229759284770686;4.69361921253628;4.69923936836889
3;31.424;18243.814;4.85412;97.7062348553972;4.69443037974684;0.00841772151898823;0.228821284193684;4.69443792677309;4.70001134343585
3;31.438;18243.828;4.62156;91.4296917008914;4.69139240506329;0.0150000000000006;0.223904927393832;4.69141638508943;4.69675644618675
3;31.454;18243.844;4.40382;84.9854466399019;4.69594936708861;0.0105696202531647;0.22087333250962;4.69596126209876;4.70115275269227
3;31.468;18243.858;4.21002;79.4468934487117;4.69848101265823;0.00082278481012743;0.2214956595463;4.69848108470011;4.70369905823944
3;31.484;18243.874;4.0413;74.8371065167095;4.69854430379747;0.00468354430379847;0.223762924634165;4.69854663809298;4.70387184740143
3;31.498;18243.888;3.89196;70.760548108737;4.69917721518987;0.00101265822784669;0.226426109141405;4.69917732430224;4.70462924236727
3;31.514;18243.904;3.762;67.2762077847979;4.70069620253164;0.00329113924050795;0.211868035002269;4.70069735465845;4.70546954982695
3;31.528;18243.918;3.65256;64.4131593303879;4.70132911392405;0.00113924050632974;0.198245121656964;4.70132925195618;4.70550718451897
3;31.544;18243.934;3.5625;61.9637541838514;4.70367088607595;0.000696202531644374;0.187519574383959;4.70367093759932;4.70740734162592
3;31.558;18243.948;3.50094;60.5192045392722;4.70177215189873;0.00253164556962027;0.175733958589808;4.7017728334746;4.70505581282533
3;31.574;18243.964;3.4542;59.0887737248576;4.70594936708861;0.014746835443038;0.17131696683211;4.70597247280063;4.70908976532427
3;31.588;18243.978;3.42912;58.5322293595199;4.70449367088608;0.00993670886075826;0.169534455788983;4.70450416490305;4.7075578986657
3;31.604;18243.994;3.42342;58.203213155913;4.70791139240506;0.0033544303797477;0.167934174709646;4.70791258743624;4.71090679359887
3;31.618;18244.008;3.42342;58.2826614207026;4.70651898734177;0.00462025316455694;0.167099172691235;4.70652125512548;4.70948664489687
3;31.634;18244.024;3.42342;58.3232635235034;4.70582278481013;0.00740506329113977;0.166342484481822;4.70582861109502;4.70876764548263
3;31.648;18244.038;5.70114;121.263806106029;4.70683544303797;0.0153164556962029;0.162816287192581;4.70686036351766;4.70967553288215
3;31.664;18244.054;5.70114;121.100710568141;4.70930379746835;0.0181012658227839;0.143975471539944;4.70933858547825;4.71153890454906
0;32.208;18244.598;5.7057;122.120743712017;4.70183544303798;0.0149999999999988;0.136732167708006;4.70185936980341;4.70384706587005
0;32.809;18245.199;5.70342;122.449608035363;4.69867088607595;0.0303797468354414;0.127527770695905;4.69876909676093;4.700499373149
0;33.409;18245.799;5.70342;122.794697902216;4.69645569620253;0.0041139240506336;0.112604109301092;4.69645749802597;4.6978072242479
0;34.008;18246.398;5.70342;122.711198954422;4.69835443037974;0.00506329113924053;0.0784512137501131;4.6983571586658;4.69901208588837
0;34.608;18246.998;5.70456;123.727453079306;4.68943037974683;0.0190506329113944;0.0890035423789629;4.68946907582371;4.69031361890257
0;35.208;18247.598;5.70114;123.473984098473;4.69006329113924;0.0172151898734185;0.108671760442279;4.69009488578368;4.69135370540016
0;39.327;18251.717;5.70114;122.861714249762;4.69329113924051;0.0805063291139234;0.131602105811315;4.69398157076706;4.69582602967303
0;39.927;18252.317;5.70456;122.472589506043;4.69620253164557;0.0877848101265819;0.154080733934251;4.69702292852858;4.69954947454465
0;40.527;18252.917;5.70342;122.135369568055;4.69822784810126;0.105569620253162;0.154578830188616;4.69941377805728;4.70195538814833
0;41.128;18253.518;5.70342;121.478584132698;4.70392405063291;0.0877215189873422;0.167145067507702;4.70474192055379;4.70771006038056
0;41.727;18254.117;5.70114;122.4882330026;4.69512658227848;0.0277848101265832;0.176082731817267;4.69520879400392;4.69850941764896
0;42.327;18254.717;3.4257;59.1266244602892;4.69126582278481;0.06120253164557;0.175240647006834;4.69166503172473;4.69493664007003
4;42.403;18254.793;3.42342;58.7851341618953;4.69645569620253;0.0568354430379738;0.174341368025756;4.69679958844089;4.70003417929951
4;42.417;18254.807;3.42456;58.4037017671809;4.70398734177215;0.0512658227848117;0.173820503311864;4.70426669058403;4.70747688932299
4;42.433;18254.823;3.43368;58.5490790736172;4.70594936708861;0.0430379746835445;0.170203518729574;4.70614616356808;4.70922296675943
4;42.447;18254.837;3.46674;59.1869834118012;4.70962025316456;0.0410126582278494;0.172469694749465;4.70979882448844;4.71295562919488
4;42.463;18254.853;3.5169;60.5542095883962;4.70810126582279;0.0489240506329107;0.173177549742294;4.70835545514274;4.711539191783
4;42.477;18254.867;3.59442;62.51392731811;4.70879746835443;0.0534810126582279;0.17374545725092;4.70910116866224;4.71230530638788
4;42.493;18254.883;3.68562;64.9426245562349;4.7079746835443;0.0577215189873392;0.172255222828793;4.70832851388349;4.71147845760119
4;42.507;18254.897;3.80076;67.7698408433459;4.71139240506329;0.0458860759493671;0.171791238246861;4.71161585090021;4.71474666933362
4;42.523;18254.913;3.9387;71.4060170230574;4.71151898734177;0.0531645569620256;0.172255234138002;4.71181893096488;4.71496654324153
4;42.537;18254.927;4.09602;75.9512942401007;4.70651898734177;0.0641772151898738;0.173749526525156;4.7069565212734;4.71016226802494
4;42.553;18254.943;4.27842;80.8759617308902;4.70689873417722;0.0623417721518997;0.175747760341853;4.7073115671638;4.71059120128454
4;42.567;18254.957;4.4745;86.3607233855876;4.7056329113924;0.0628481012658231;0.177099244759043;4.70605259008142;4.70938373071321
4;42.583;18254.973;4.6968;92.4100953644796;4.70696202531646;0.0699367088607588;0.178495276958329;4.70748156141025;4.7108643808662
4;42.597;18254.987;4.93962;99.4920458277711;4.70424050632911;0.0636075949367072;0.17976026430039;4.7046705163615;4.70810348443432
4;42.613;18255.003;5.20296;106.885578933159;4.70506329113924;0.0701265822784816;0.180724768644394;4.70558586269213;4.70905508071095
4;42.627;18255.017;5.48796;115.415254998777;4.70189873417721;0.0653797468354433;0.182;4.70235326381946;4.70587401209951
4;42.643;18255.033;5.7912;124.128472775176;4.70278481012658;0.0710126582278487;0.179952800346749;4.70332092972465;4.70676223941029
4;42.657;18255.047;6.11724;133.723780516444;4.7023417721519;0.0825949367088601;0.175992533511666;4.70306709134524;4.70635883008791
4;42.673;18255.063;6.46494;144.286597784556;4.70037974683544;0.0793670886075937;0.172502142492565;4.70104976566031;4.70421363124374
4;42.687;18255.077;6.83202;155.42119089439;4.69892405063291;0.0778481012658219;0.172502069382168;4.69956886963976;4.70273372884626
4;42.703;18255.093;7.2219;167.439326127301;4.69639240506329;0.0841772151898716;0.173994992688915;4.697146732421;4.70036824976236
4;42.717;18255.107;7.6323;179.895727026034;4.69588607594937;0.0786075949367078;0.175;4.69654396256193;4.69980320782444
4;42.732;18255.122;8.06208;193.33091030712;4.69329113924051;0.0826582278481016;0.173495619630642;4.69401897102093;4.69722416224045
4;42.748;18255.138;8.5158;207.055085977275;4.69348101265823;0.0847468354430383;0.17178794626435;4.69424605685523;4.69738833191196
4;42.762;18255.152;8.98776;221.72850334123;4.69177215189873;0.0805696202531649;0.171989503989457;4.69246389320581;4.69561473915
4;42.778;18255.168;9.4848;236.733117853451;4.69183544303797;0.086835443037975;0.172949765381139;4.69263893973476;4.69582493711811
4;42.792;18255.182;9.9978;253.236377076227;4.68753164556962;0.089240506329114;0.171995169920395;4.68838104212814;4.69153483783958
4;42.808;18255.198;10.53588;268.977051688646;4.68974683544304;0.0921518987341763;0.17024995149255;4.69065212449061;4.69374076819029
4;42.822;18255.212;11.0922;286.73008387823;4.68569620253165;0.0936075949367101;0.170754271373648;4.68663112312558;4.68974075034449
4;42.838;18255.228;11.67018;304.555037954468;4.68360759493671;0.0996835443037973;0.172245725404624;4.68466828199754;4.68783377502594
4;42.853;18255.243;12.27096;322.631127773702;4.68310126582278;0.0982278481012671;0.172751159572609;4.68413131499252;4.68731577123062
4;42.867;18255.257;12.8934;341.480545660672;4.68170886075949;0.0995569620253178;0.172506740092973;4.68276728501446;4.68594366387168
4;42.883;18255.273;13.53294;360.722427506128;4.68037974683544;0.0974683544303812;0.172749953839018;4.68139452030085;4.68458079247804
4;42.897;18255.287;14.20098;380.619392928632;4.67898734177215;0.0997468354430371;0.173136101320182;4.68005042447674;4.6832518707865
4;42.913;18255.303;14.87814;400.642286759748;4.67753164556962;0.101645569620253;0.17340888935994;4.67863592483201;4.68184843411635
4;42.927;18255.317;15.5838;420.611616640004;4.67791139240506;0.10367088607595;0.17325;4.67906001754763;4.68226635405472
4;42.943;18255.333;16.3077;441.798152639666;4.67588607594937;0.102721518987341;0.173980826878414;4.6770142511778;4.68024909955032
4;42.957;18255.347;17.05668;462.754806370396;4.67563291139241;0.101962025316457;0.174269296367476;4.67674452762843;4.67999029532742
4;42.972;18255.362;17.82048;483.621814820029;4.67569620253165;0.104810126582278;0.175;4.67687076376962;4.68014370943917
4;42.988;18255.378;18.61392;505.940077306149;4.67386075949367;0.102848101265822;0.174522765813943;4.67499220652492;4.6782486388451
4;43.002;18255.392;19.4199;527.685553668613;4.67322784810126;0.102848101265822;0.17535186786476;4.6743594483312;4.67764732849398
4;43.017;18255.407;20.25438;549.204197686202;4.67392405063291;0.101772151898732;0.176518263536542;4.67503193593229;4.67836320729257
4;43.033;18255.423;21.10368;571.835576872547;4.67240506329114;0.0973417721518999;0.17924886345365;4.67341893008473;4.67685520955308
4;43.047;18255.437;21.97692;593.937333934705;4.67196202531646;0.104873417721519;0.182;4.67313894505006;4.67668168680996
4;43.062;18255.452;22.87296;617.547511550535;4.66962025316456;0.100759493670886;0.18274278252963;4.67070720387496;4.67428076915541
4;43.078;18255.468;23.78838;640.980772300608;4.66772151898734;0.101708860759494;0.182499909195864;4.66882949690546;4.67239500556524
4;43.092;18255.482;24.72318;663.157861001152;4.66803797468354;0.106455696202531;0.181481681277511;4.66925169040411;4.67277722013161
4;43.108;18255.498;25.67964;686.661103993983;4.66651898734177;0.100253164556962;0.182544472922764;4.66759575758494;4.671163949255
4;43.122;18255.512;26.6589;707.723482150619;4.66816455696203;0.111012658227848;0.187708033460218;4.66948435495433;4.67325565820968
4;43.138;18255.528;27.66096;731.447455112261;4.66594936708861;0.10981012658228;0.194375231660786;4.66724134367772;4.67128713427229
4;43.152;18255.542;28.68012;755.06057615152;4.66341772151899;0.115316455696203;0.202794072495889;4.66484326964279;4.66924920797457
4;43.168;18255.558;29.7198;777.628130935828;4.66310126582278;0.11126582278481;0.207496027676891;4.66442852862363;4.6690414541038
4;43.182;18255.572;30.78;799.667087274757;4.66322784810127;0.112468354430382;0.212123501835433;4.66458391435457;4.66940461666007
4;43.198;18255.588;31.86528;821.963000388585;4.66335443037975;0.112151898734176;0.212836254130394;4.66470284066757;4.66955585284129
4;43.215;18255.605;32.96652;843.305602679707;4.66449367088608;0.11392405063291;0.212542089241709;4.66588468514267;4.67072307408051
4;43.231;18255.621;34.0917;867.124088371391;4.66215189873417;0.118860759493669;0.211786030418747;4.66366681989806;4.66847314758247
4;43.243;18255.633;35.24082;889.787488364957;4.66145569620253;0.118354430379744;0.21232782984591;4.66295796451668;4.66778963602438
4;43.257;18255.647;36.4059;912.561978857739;4.66006329113924;0.120886075949368;0.214998408497571;4.66163097217937;4.66658629368818
4;43.273;18255.663;37.59606;935.426840102297;4.65829113924051;0.120253164556962;0.22225;4.65984304043737;4.66514010765085
4;43.287;18255.677;38.8056;956.922024041195;4.65810126582278;0.119556962025316;0.227993747206715;4.65963531511089;4.66520979363135
4;43.303;18255.693;40.03566;978.994385725573;4.65759493670886;0.119177215189872;0.226773659898402;4.65911942356884;4.66463504423445
4;43.317;18255.707;41.28852;1000.261767011;4.65816455696203;0.123037974683543;0.219743383873032;4.65978919941143;4.66496758163521
4;43.333;18255.723;42.56076;1021.99574979547;4.65791139240506;0.118544303797467;0.217896228922169;4.65941963032519;4.66451177059703
4;43.347;18255.737;43.85466;1042.71556976122;4.65873417721519;0.116075949367088;0.213195788797593;4.66018001368771;4.66505414806038
4;43.363;18255.753;45.16908;1064.8836240681;4.65708860759494;0.117405063291141;0.214808146869791;4.6585682615882;4.66351806985226
4;43.377;18255.767;44.71878;1057.93951680201;4.65664556962025;0.120632911392404;0.216695309576683;4.65820783782507;4.66324534177299
4;43.393;18255.783;43.41234;1036.68549092705;4.6570253164557;0.118354430379746;0.218120466607534;4.65852901346549;4.66363260852019
4;43.407;18255.797;42.123;1017.26481495098;4.65518987341772;0.11018987341772;0.220993195244963;4.65649380604922;4.66173493005762
4;43.423;18255.813;40.85646;995.501846218686;4.65563291139241;0.108607594936709;0.22225;4.65689954962721;4.66219996115762
4;43.437;18255.827;39.61272;975.004077860693;4.65449367088608;0.10867088607595;0.222006591058397;4.65576209591932;4.66105220098128
4;43.453;18255.843;38.39178;950.676359106106;4.65772151898734;0.108987341772153;0.221801631971592;4.65899645729682;4.66427314305772
4;43.467;18255.857;37.18908;929.339722587191;4.65721518987342;0.109430379746836;0.22091756834529;4.65850065287097;4.66373593858002
4;43.483;18255.873;36.00918;905.943276248712;4.65949367088608;0.105316455696205;0.217791979514578;4.66068372933283;4.6657696226034
4;43.497;18255.887;34.8498;885.002900384609;4.65886075949367;0.10518987341772;0.208068952021606;4.66004812054764;4.66469089807834
4;43.513;18255.903;33.7098;866.046581527581;4.65556962025316;0.102974683544302;0.195860912767029;4.65670830893188;4.6608254388708
4;43.527;18255.917;32.59146;842.882417251955;4.65746835443038;0.104050632911393;0.182946141367949;4.65863048617614;4.66222128361269
4;43.543;18255.933;31.4925;822.135420527467;4.65537974683544;0.105126582278482;0.177021866506702;4.65656656621026;4.65993014183354
4;43.557;18255.947;30.41976;798.922454797279;4.65658227848101;0.101835443037976;0.175237433223975;4.65769567208101;4.66099100318002
4;43.573;18255.963;29.36184;776.357091170779;4.65620253164557;0.10474683544304;0.175928743950665;4.65738058518283;4.66070218295334
4;43.587;18255.977;28.33128;752.875919860199;4.65740506329114;0.107215189873418;0.175491428420326;4.65863896653406;4.66194318519204
4;43.603;18255.993;27.3144;729.14271858239;4.65917721518987;0.103164556962026;0.172754741606992;4.66031922172265;4.66352007062319
4;43.617;18256.007;26.32374;706.934502334023;4.65854430379747;0.101835443037976;0.171787932590599;4.6596572285848;4.66282281259821
4;43.633;18256.023;25.35474;684.368838081781;4.65835443037975;0.10259493670886;0.171746689157192;4.65948406157559;4.66264824378951
4;43.647;18256.037;24.40284;661.943741672856;4.65791139240506;0.100063291139241;0.171998098780079;4.65898607013699;4.66215985866148
4;43.663;18256.053;23.47374;638.229967837595;4.65987341772152;0.0977215189873437;0.172001051792401;4.66089795688136;4.66407055331269
4;43.677;18256.067;22.5663;614.488827293884;4.66215189873418;0.0950000000000006;0.172751851972704;4.66311969896449;4.66631851990739
4;43.693;18256.083;21.67938;592.130602025741;4.66227848101266;0.0913291139240524;0.171757456103991;4.66317291568347;4.66633499282801
4;43.707;18256.097;20.81298;570.814813936035;4.6603164556962;0.0954430379746842;0.170530929309246;4.66129368745745;4.66441203567842
4;43.723;18256.113;19.96938;548.031847788894;4.66183544303798;0.0937341772151896;0.168846018370826;4.66277769081299;4.66583377027761
4;43.737;18256.127;19.1463;526.000733644678;4.66227848101266;0.0900632911392414;0.167225987205132;4.66314829604684;4.66614579302032
4;43.753;18256.143;18.34374;504.509615894786;4.66151898734177;0.0960759493670889;0.167564823408419;4.66250896593182;4.66551903087304
4;43.767;18256.157;17.56056;483.031696745254;4.66132911392405;0.096962025316456;0.167340988125042;4.66233747627405;4.66533961775304
4;43.783;18256.173;16.80132;461.647201626836;4.66177215189873;0.0954430379746842;0.167792673147563;4.66274907857118;4.66576717709729
4;43.797;18256.187;16.06374;440.664087265725;4.6620253164557;0.0939240506329124;0.168286135399477;4.66297134653014;4.66600707264025
4;43.813;18256.203;15.34212;418.973469448858;4.6646835443038;0.0921518987341798;0.168231547124437;4.66559369651269;4.66862575008822
4;43.827;18256.217;14.64444;398.520382730631;4.66537974683544;0.091835443037974;0.167250419061175;4.6662835244743;4.66927988382111
4;43.843;18256.233;13.96842;378.100361322565;4.66715189873418;0.0924683544303786;0.166749962887319;4.6680678275309;4.67104514991581
4;43.857;18256.247;13.31064;358.389470784601;4.66816455696203;0.0837974683544314;0.167504941259064;4.66891661379587;4.67192040299546
4;43.873;18256.263;12.67794;339.125268290591;4.66943037974683;0.0848101265822763;0.16646765444959;4.67020051270538;4.67316641142293
4;43.887;18256.277;12.06348;321.124776839361;4.66791139240507;0.0851898734177219;0.164281059800288;4.66868868975839;4.67157814324956
4;43.903;18256.293;11.47182;302.385701109972;4.67101265822785;0.0812025316455696;0.162025493070366;4.67171843163417;4.67452728785223
4;43.917;18256.307;10.90068;285.089026394846;4.66987341772152;0.0758227848101267;0.176458921528054;4.67048892860677;4.67382119718173
4;43.933;18256.323;10.35006;266.95294840191;4.67386075949367;0.0720253164556972;0.195389495489283;4.67441569025962;4.67849752594707
4;43.947;18256.337;9.82224;250.450524177324;4.67443037974684;0.0729113924050644;0.207145223306774;4.67499897820765;4.67958594213008
4;43.963;18256.353;9.3138;234.746339100944;4.67398734177215;0.0728481012658246;0.218919011206518;4.67455500736748;4.6796784131361
4;43.977;18256.367;8.82588;219.468438397418;4.67411392405063;0.0798734177215188;0.232035328550661;4.6747963311638;4.68055137046461
4;43.993;18256.383;8.3619;205.050065702987;4.67594936708861;0.0739873417721526;0.222422614104299;4.67653467968739;4.68182105911619
4;44.007;18256.397;7.9173;191.339457293611;4.6770253164557;0.0829113924050642;0.210543778234381;4.67776015949493;4.68249600024509
4;44.023;18256.413;7.49208;178.282463974023;4.67829113924051;0.077088607594936;0.198824103072784;4.67892622691544;4.68314869087881
4;44.037;18256.427;7.0908;166.065411002921;4.67905063291139;0.0750000000000011;0.185786339863355;4.67965167777993;4.68333816731488
4;44.053;18256.443;6.70548;154.280726842964;4.68056962025316;0.0746202531645572;0.16981468575223;4.68116440132358;4.68424350132615
4;44.067;18256.457;6.34524;143.220741612969;4.6820253164557;0.0685443037974682;0.169342367606277;4.68252702987555;4.68558814056268
4;44.083;18256.473;6.00324;132.661384111073;4.68462025316456;0.061392405063291;0.169004526839967;4.6850225126203;4.68806980257882
4;44.097;18256.487;5.68632;123.219675668234;4.68481012658228;0.0629113924050628;0.168747907334869;4.68523251988865;4.68827042966296
4;44.113;18256.503;5.38764;114.482470059711;4.68424050632912;0.0617088607594933;0.16899863743586;4.68464695624235;4.6876942780098
4;44.127;18256.517;5.11062;106.011979148595;4.68816455696203;0.0500632911392405;0.171223523746519;4.68843185364516;4.69155738975437
4;44.143;18256.533;4.85298;98.3351599483704;4.69069620253165;0.0541772151898723;0.173647550854899;4.69100906363338;4.69422192775421
4;44.157;18256.547;4.61814;91.538698103392;4.69189873417722;0.0574050632911405;0.175758810330067;4.69224989456713;4.6955404622337
4;44.173;18256.563;4.40382;85.2317836098764;4.69550632911392;0.0531645569620256;0.17701267257901;4.69580729554204;4.69914243698991
4;44.187;18256.577;4.21002;79.7435792517743;4.69708860759494;0.0554430379746833;0.177798972565954;4.69741581276961;4.70077948777684
4;44.203;18256.593;4.0413;75.0385418613654;4.69810126582278;0.061265822784808;0.181231950298412;4.69850071884289;4.7019946857452
4;44.217;18256.607;3.89424;70.9280526789187;4.70012658227848;0.0588607594936708;0.183190106462227;4.7004951312015;4.70406346614867
4;44.233;18256.623;3.762;67.4551770949229;4.69943037974683;0.0606962025316449;0.18039037000293;4.69982232888534;4.7032829607285
4;44.247;18256.637;3.65256;64.464035075311;4.70113924050633;0.0589240506329123;0.179471348676638;4.70150850285006;4.70493274844256
4;44.263;18256.653;3.56592;62.2331646315669;4.70056962025316;0.0576582278481013;0.178954875261541;4.70092323124783;4.70432822765009
4;44.277;18256.667;3.4998;60.2721631735514;4.70481012658228;0.0570253164556966;0.178718896755881;4.70515570559658;4.70854867851716
4;44.293;18256.683;3.45648;59.0079204446524;4.70740506329114;0.0600632911392402;0.178334942370052;4.70778823109552;4.71116475837044
4;44.307;18256.697;3.42456;58.3302474327954;4.70493670886076;0.055126582278481;0.178701388135346;4.7052596500575;4.70865188356293
4;44.323;18256.713;3.42342;58.2924411738676;4.70506329113924;0.0502531645569633;0.180577608904318;4.70533165187896;4.70879541146264
4;44.337;18256.727;3.42456;58.2370995213617;4.70639240506329;0.0534177215189864;0.182825353684823;4.70669554182228;4.71024500778459
4;44.353;18256.743;3.42342;58.2271143346217;4.70620253164557;0.046835443037974;0.18218870630324;4.70643557563383;4.70996056801925
4;44.367;18256.757;5.70342;121.148904046846;4.70677215189873;0.0496835443037966;0.18332790718377;4.70703436831133;4.71060311064479
4;44.383;18256.773;5.70114;120.907084789869;4.7079746835443;0.0530379746835443;0.187853202441262;4.70827342532829;4.71201946869069
0;44.927;18257.317;5.70114;122.540105242715;4.69284810126582;0.065063291139241;0.194142416268122;4.69329910973167;4.69731282875673
0;45.527;18257.917;5.70456;121.304890879874;4.70398734177215;0.0613924050632928;0.204310648666949;4.70438794520096;4.7088224409199
0;46.127;18258.517;5.70342;121.22264581025;4.70291139240506;0.0791139240506329;0.218362557026072;4.70357678557414;4.70864277516388
0;46.727;18259.117;5.70114;120.385150705659;4.70981012658228;0.0663924050632918;0.222487066781932;4.7102780575999;4.71552964944472
0;47.328;18259.718;5.70114;121.218294962382;4.7023417721519;0.0260759493670886;0.23102114766265;4.70241407122555;4.70808547797589
0;47.927;18260.317;5.70114;120.279290623669;4.70993670886076;0.0337341772151891;0.239510531664385;4.71005751516757;4.71614324326188
0;52.035;18264.425;5.70342;119.596404889217;4.71588607594937;0.0485443037974704;0.246192538516648;4.71613592157439;4.7225574424019
0;52.635;18265.025;5.70342;120.258815498282;4.70949367088608;0.0165822784810121;0.254980857655511;4.70952286416317;4.71642034236203
0;53.236;18265.626;5.70342;120.202123171147;4.70917721518987;0.00082278481012743;0.264376827219997;4.70917728706812;4.71659260778469
0;53.836;18266.226;5.70456;119.709077760554;4.71278481012658;0.00253164556961849;0.276083202269818;4.71278549010976;4.72086528195464
0;54.436;18266.826;5.70342;119.419144254877;4.71683544303797;0.0281012658227837;0.256602895986781;4.71691915108157;4.72389366138452
0;55.036;18267.426;3.42456;57.694487122067;4.71177215189873;0.0143037974683544;0.248045821942774;4.71179386327866;4.71831835931126
5;55.112;18267.502;3.42456;57.735511456931;4.71139240506329;0.0156962025316449;0.243687728171666;4.71141855127115;4.71771644698189
5;55.126;18267.516;3.42342;57.4092877596897;4.71841772151899;0.0103797468354454;0.225407403160714;4.71842913837739;4.72381011803909
5;55.142;18267.532;3.43368;57.4194548569571;4.72322784810127;0.00886075949367005;0.222805649831847;4.7232361594714;4.72848836053713
5;55.156;18267.546;3.46674;58.2834678511077;4.72259493670886;0.00189873417721209;0.224026896988186;4.72259531840488;4.72790594153414
5;55.172;18267.562;3.51576;59.4512178656075;4.72373417721519;0.0163291139240513;0.225769026704208;4.72376240056085;4.72915456190336
5;55.186;18267.576;3.59556;61.5116052475666;4.72303797468354;0.0179113924050647;0.227994780399205;4.72307193765675;4.72857168161486
5;55.202;18267.592;3.68676;63.8597578721037;4.7226582278481;0.0206962025316457;0.230698392573867;4.72270357632793;4.72833488854129
5;55.216;18267.606;3.80076;66.6893383234475;4.72455696202532;0.0256962025316465;0.230519467025112;4.72462684052894;4.73024714015282
5;55.232;18267.622;3.93756;70.5094525455778;4.72056962025317;0.039303797468353;0.230647797490196;4.72073324052022;4.72636443100187
5;55.246;18267.636;4.0983;74.7035822420735;4.72107594936709;0.0271518987341768;0.236404188810372;4.72115402685585;4.72706910101643
5;55.262;18267.652;4.27842;79.7180224237364;4.71772151898734;0.0230379746835432;0.244806502316889;4.71777776914023;4.72412503037021
5;55.276;18267.666;4.47792;85.0398649616207;4.71854430379747;0.0234810126582286;0.247783353261644;4.71860272801758;4.72510405123618
5;55.292;18267.682;4.69908;91.0100290544974;4.72012658227848;0.0229113924050637;0.241521331334598;4.72018218765271;4.72635720593815
5;55.306;18267.696;4.93962;98.0712160263819;4.71626582278481;0.00784810126582336;0.235370615258467;4.71627235259601;4.72214191129287
5;55.322;18267.712;5.20524;105.70534568932;4.71462025316456;0.0200632911392411;0.23275;4.71466294311701;4.72040456207948
5;55.336;18267.726;5.48568;113.876930958054;4.71246835443038;0.00734177215189824;0.235751610502288;4.71247407346991;4.71836737812779
5;55.352;18267.742;5.7912;122.681320015518;4.71208860759494;0.0146835443037983;0.236481717326236;4.712111485555;4.71804178181254
5;55.366;18267.756;6.11724;132.406588662421;4.71;0.014746835443038;0.233565216277712;4.71002308584104;4.71581065983468
5;55.382;18267.772;6.46494;142.698215516581;4.70917721518987;0.00506329113923876;0.231968244445287;4.70917993720569;4.71488970681305
5;55.396;18267.786;6.82974;153.566276477203;4.70810126582279;0.00715189873417721;0.233559278106901;4.70810669790922;4.71389633056216
5;55.412;18267.802;7.2219;165.201730908424;4.70753164556962;0.0103797468354436;0.238;4.70754308882922;4.71355555108707
5;55.426;18267.816;7.6323;177.678887752949;4.7056329113924;0.00835443037974493;0.2400215738179;4.70564032765854;4.71175776639508
5;55.442;18267.832;8.06436;190.737022066174;4.70493670886076;0.0119620253164552;0.236890931728796;4.70495191520967;4.71091178414227
5;55.456;18267.846;8.51694;204.203941191368;4.70569620253165;0.000379746835443839;0.232498942966064;4.70569621785432;4.71143636837098
5;55.472;18267.862;8.98776;218.995638018891;4.70240506329114;0.000506329113925119;0.228918275517618;4.70240509055051;4.70797379054953
5;55.486;18267.876;9.48252;234.276275692952;4.69993670886076;0.00189873417721564;0.232764725981707;4.69993709239692;4.70569740741473
5;55.502;18267.892;9.99894;249.878932241634;4.69917721518987;0.00873417721519054;0.234509597194999;4.69918533211995;4.70503321314397
5;55.516;18267.906;10.53246;265.79162811033;4.69911392405063;0.00753164556961927;0.236262265247219;4.699119959832;4.70505560592766
5;55.532;18267.922;11.09106;283.164943759956;4.69626582278481;0.000822784810125654;0.2345;4.69626589486067;4.70211692806884
5;55.546;18267.936;11.67132;300.80941865745;4.69474683544304;0.00721518987341874;0.23275;4.69475237982445;4.70051831933111
5;55.562;18267.952;12.27096;319.00227929716;4.69303797468354;0.00936708860759516;0.231498661062755;4.69304732281391;4.69875353729525
5;55.576;18267.966;12.89112;337.680272047482;4.69120253164557;0.0203164556962019;0.232456599396746;4.69124652425023;4.69700223779944
5;55.592;18267.982;13.53294;356.434999263775;4.69088607594937;0.0208860759493668;0.232579185632192;4.69093257313556;4.69669474027145
5;55.606;18267.996;14.19756;376.886915171868;4.6870253164557;0.0187974683544319;0.232286877108675;4.687063010235;4.69281545079178
5;55.622;18268.012;14.88042;396.505487327867;4.68651898734177;0.029493670886076;0.233628582823252;4.68661179268534;4.69243139641373
5;55.636;18268.026;15.58608;416.23053738161;4.68708860759494;0.0217088607594924;0.23433770521789;4.68713888103198;4.69299318667399
5;55.652;18268.042;16.30998;436.867639450253;4.68588607594937;0.0220886075949345;0.234664321943509;4.68593813695418;4.69181026548973
5;55.666;18268.056;17.05782;458.293256733571;4.68360759493671;0.024303797468356;0.237071822598494;4.68367065216164;4.68966670745271
5;55.682;18268.072;17.82162;478.289568410423;4.68512658227848;0.0205696202531662;0.240638325911791;4.68517173658019;4.6913474615666
5;55.696;18268.086;18.61392;501.273280130641;4.68069620253165;0.0222151898734175;0.244771836687066;4.6807489203177;4.68714451527691
5;55.712;18268.102;19.42332;522.520405991961;4.68075949367089;0.0141139240506316;0.247610298620232;4.68078077252527;4.6873254101273
5;55.726;18268.116;20.25552;543.874535821376;4.68107594936709;0.0188607594936698;0.249520459972897;4.68111394563214;4.68775940422893
5;55.742;18268.132;21.1014;565.528776553191;4.68075949367089;0.026898734177216;0.250494342248844;4.68083678197504;4.68753457533799
5;55.756;18268.146;21.9792;587.971547645379;4.68006329113924;0.0243037974683524;0.248931859180037;4.680126396118;4.68674195514915
5;55.772;18268.162;22.87182;609.926031284208;4.68012658227848;0.0281012658227855;0.248120108034415;4.68021094687948;4.68678334204831
5;55.786;18268.176;23.78838;632.913718230243;4.67860759493671;0.026898734177216;0.2480321847312;4.67868491878859;4.68525479925717
5;55.802;18268.192;24.72546;655.399086259931;4.67854430379747;0.0288607594936732;0.243263445478357;4.67863332032275;4.6849532388211
5;55.816;18268.206;25.68192;677.94686134541;4.67835443037975;0.0227848101265824;0.239969995840129;4.67840991404412;4.68456026994315
5;55.832;18268.222;26.6589;701.116654792627;4.67715189873418;0.0167721518987332;0.237106164355616;4.6771819709;4.68318807246596
5;55.846;18268.236;27.65868;722.879442690227;4.67803797468354;0.021708860759496;0.236511103438603;4.67808834538391;4.68406320081898
5;55.862;18268.252;28.67784;745.43713766001;4.67759493670886;0.0287974683544316;0.235335190291852;4.67768358122992;4.68359972007618
5;55.876;18268.266;29.71752;768.770820661467;4.67588607594937;0.0286075949367088;0.235763981566502;4.67597358736608;4.6819134597672
5;55.892;18268.282;30.78228;791.372554645708;4.67537974683544;0.0288607594936696;0.236011104277547;4.67546882361091;4.68142178850613
5;55.906;18268.296;31.86414;813.089068124466;4.67588607594937;0.0352531645569609;0.235876767481026;4.67601896712026;4.68196446273418
5;55.924;18268.314;32.9688;837.1137253951;4.67316455696203;0.0336075949367096;0.236548441166346;4.6732854018221;4.67926827740212
5;55.94;18268.33;34.09512;858.332041652955;4.67379746835443;0.0403797468354412;0.240417761252081;4.67397189755681;4.68015106583925
5;55.952;18268.342;35.24196;879.814680367104;4.67417721518987;0.0374050632911391;0.242344958161649;4.67432687964374;4.68060496693604
5;55.966;18268.356;36.4059;903.370791217029;4.67170886075949;0.0441772151898743;0.241934046018711;4.67191773322698;4.67817778506372
5;55.982;18268.372;37.5972;923.735050469245;4.67329113924051;0.0424683544303814;0.242842884305542;4.67348410002985;4.67978912983157
5;55.996;18268.386;38.80788;947.262086157105;4.67056962025316;0.0407594936708868;0.245649360730927;4.67074746844187;4.6772027454862
5;56.012;18268.402;40.03908;968.207275362257;4.6706329113924;0.0399367088607594;0.250229563684579;4.67080364966207;4.67750163743833
5;56.026;18268.416;41.28852;986.796013066355;4.67329113924051;0.0382278481012648;0.253527532846008;4.67344748985952;4.68031918253288
5;56.042;18268.432;42.55962;1012.22728827402;4.66772151898734;0.0448101265822789;0.256754354528736;4.66793660263952;4.67499250532354
5;56.056;18268.446;43.85352;1031.74966705335;4.66911392405063;0.0486708860759499;0.25675056651575;4.66936759003989;4.67642112563882
5;56.072;18268.462;45.16452;1053.36455007524;4.66784810126582;0.0544303797468366;0.256669188100979;4.66816543866328;4.67521631957824
5;56.086;18268.476;44.7165;1048.51100922336;4.66556962025317;0.0512025316455702;0.256834552352588;4.66585057419075;4.67291403387205
5;56.102;18268.492;43.4112;1022.35990643932;4.67012658227848;0.0568354430379738;0.271519546768617;4.67047241316009;4.67835819774062
5;56.116;18268.506;42.12528;1000.76667372018;4.67006329113924;0.0581012658227849;0.280611942399524;4.67042470235165;4.67884707620945
5;56.132;18268.522;40.85988;979.371265703237;4.66993670886076;0.0532911392405069;0.287284887729256;4.67024076577287;4.67906843474258
5;56.146;18268.536;39.61272;957.10257941918;4.67113924050633;0.0581012658227849;0.28708049504697;4.67150056847778;4.68031331984566
5;56.162;18268.552;38.39064;935.86924851596;4.67227848101266;0.052531645569621;0.276801442473884;4.67257378517667;4.68076540925475
5;56.176;18268.566;37.18908;917.435817501372;4.66949367088607;0.0533544303797466;0.266881656602456;4.66979847934429;4.67741848206007
5;56.192;18268.582;36.01032;897.804232484705;4.66759493670886;0.0559493670886066;0.259704836391233;4.66793025064298;4.6751491341895
5;56.206;18268.596;34.84752;874.358744347255;4.67;0.0516455696202538;0.256520715672848;4.67028556566527;4.67732510548825
5;56.222;18268.612;33.70752;853.992961833676;4.66816455696203;0.0484177215189892;0.253973475004569;4.66841564201749;4.67531893378831
5;56.236;18268.626;32.59032;828.43657415822;4.6729746835443;0.0532278481012654;0.252754240657467;4.67327782149312;4.68010793711318
5;56.252;18268.642;31.49364;806.699620742418;4.67259493670886;0.0482278481012663;0.252392546737399;4.6728438201902;4.67965504770794
5;56.266;18268.656;30.41634;784.249444024004;4.6729746835443;0.0463291139240489;0.252243905914847;4.67320433748012;4.68000702648128
5;56.282;18268.672;29.3607;761.692201618246;4.67335443037975;0.0504430379746843;0.252;4.67362665732193;4.68041559394357
5;56.296;18268.686;28.32786;738.061482002733;4.67544303797468;0.051455696202531;0.251848303488499;4.6757261778271;4.68250390902001
5;56.312;18268.702;27.3144;716.538801618878;4.67373417721519;0.0498101265822761;0.257214941841079;4.67399959434952;4.68107164378904
5;56.326;18268.716;26.32488;694.249896034563;4.67329113924051;0.0486708860759499;0.262374458299213;4.67354457850305;4.68090368236979
5;56.342;18268.732;25.35132;670.412224565788;4.67518987341772;0.0462658227848092;0.268647489305846;4.67541879181593;4.68313061449026
5;56.356;18268.746;24.40284;647.549664210837;4.67607594936709;0.0494303797468341;0.270724845499129;4.67633720412581;4.68416711792628
5;56.372;18268.762;23.47602;626.055792672492;4.67487341772152;0.0506329113924036;0.27125;4.6751476087323;4.68300990026023
5;56.386;18268.776;22.56744;604.814317741336;4.67493670886076;0.0479113924050623;0.253964103230876;4.67518221392237;4.68207502066188
5;56.402;18268.792;21.68052;582.785605871602;4.67594936708861;0.0452531645569607;0.242999770142267;4.67616833876613;4.68247789324925
5;56.416;18268.806;20.81412;560.892964064723;4.67721518987342;0.0482278481012663;0.226704072041574;4.67746382751541;4.6829544727656
5;56.432;18268.822;19.96938;538.993377685772;4.67753164556962;0.0483544303797476;0.225969201845041;4.67778157316506;4.68323633040498
5;56.446;18268.836;19.14744;516.38330054268;4.67993670886076;0.0476582278481033;0.224942833000117;4.68017936682176;4.68558194718033
5;56.462;18268.852;18.34146;494.746829095496;4.68050632911392;0.0466455696202548;0.223720556938993;4.68073875644013;4.68608217956512
5;56.476;18268.866;17.5617;473.142372942022;4.68164556962025;0.0513924050632912;0.224508419823075;4.68192763921476;4.68730737731318
5;56.492;18268.882;16.7979;452.362805449479;4.68120253164557;0.0522151898734169;0.225607887942172;4.6814937325963;4.68692676360962
5;56.506;18268.896;16.06032;432.18027532061;4.68037974683544;0.0513291139240497;0.226122733566348;4.68066119822014;4.68612000947043
5;56.522;18268.912;15.34326;410.574602891414;4.68417721518987;0.0520886075949374;0.226136866165687;4.68446682199214;4.68992188512606
5;56.536;18268.926;14.6433;390.573175940006;4.68449367088608;0.0517088607594953;0.225926322703709;4.68477905123099;4.69022360470619
5;56.552;18268.942;13.96842;371.334295213069;4.68398734177215;0.0518987341772164;0.226046460968293;4.68427485279109;4.68972578079009
5;56.566;18268.956;13.31064;351.618467583799;4.68556962025317;0.0565822784810113;0.228481440043654;4.68591124760996;4.69147823067761
5;56.582;18268.972;12.67794;332.83761742058;4.68651898734177;0.0494936708860774;0.228406470952851;4.68678032791945;4.6923426300885
5;56.596;18268.986;12.06576;314.760197036162;4.68670886075949;0.047784810126581;0.226407435625287;4.68695245693834;4.6924176775418
5;56.612;18269.002;11.47296;296.96791333926;4.68740506329114;0.0533544303797466;0.223594734756759;4.68770870709866;4.69303819801411
5;56.626;18269.016;10.90068;279.683604584026;4.68759493670886;0.0463291139240507;0.230152192912503;4.6878238744065;4.69347022035487
5;56.642;18269.032;10.34892;263.010854897057;4.68772151898734;0.044050632911393;0.232860454563022;4.68792848685183;4.69370828760546
5;56.656;18269.046;9.81996;246.808788528433;4.6882911392405;0.0418354430379733;0.238451470431934;4.68847779247969;4.69453758258749
5;56.672;18269.062;9.3138;231.081871845594;4.69056962025316;0.0382911392405063;0.235054196128301;4.69072591117689;4.69661154971366
5;56.686;18269.076;8.82474;216.24754277214;4.69088607594936;0.0476582278481015;0.231402090516575;4.69112816753255;4.69683195480876
5;56.702;18269.092;8.36076;201.950169750874;4.69253164556962;0.0377215189873432;0.22937256607761;4.69268325776064;4.698285637521
5;56.716;18269.106;7.91274;188.299888797599;4.69335443037975;0.0289240506329129;0.227977738916293;4.69344355562845;4.69897715032874
5;56.732;18269.122;7.4898;175.371771001562;4.69424050632911;0.0323417721518986;0.22948211063751;4.69435191709004;4.69995765519112
5;56.746;18269.136;7.08624;163.459716240582;4.69278481012658;0.0290506329113924;0.230241837693612;4.69287472807738;4.69851939628346
5;56.762;18269.152;6.7032;151.350392262494;4.69708860759494;0.0287974683544299;0.232772467402884;4.69717688423395;4.70294096320192
5;56.776;18269.166;6.34524;140.761983494096;4.69670886075949;0.0291139240506322;0.23379120811973;4.69679909548092;4.70261417429757
5;56.792;18269.182;6.00552;130.398581088088;4.69955696202531;0.0265189873417722;0.233697656010072;4.69963178302409;4.70543871391763
5;56.806;18269.196;5.6829;121.246205923627;4.69740506329114;0.0300632911392427;0.230212612874774;4.69750126451365;4.70313894938625
5;56.822;18269.212;5.38992;112.456968650897;4.70044303797468;0.0275949367088604;0.22673553423621;4.70052403820857;4.70598929410831
5;56.836;18269.226;5.11062;104.61215746732;4.69905063291139;0.0237341772151893;0.223254383467329;4.69911057135635;4.70441098136317
5;56.852;18269.242;4.85526;97.1079116857745;4.70170886075949;0.0290506329113924;0.222748857733864;4.70179860804532;4.70707204153905
5;56.866;18269.256;4.62042;90.5255252947937;4.70158227848101;0.0293037974683532;0.222999321610178;4.70167359924876;4.70695903225335
5;56.882;18269.272;4.40724;84.276646096682;4.70563291139241;0.0358227848101276;0.223739933397378;4.70576926428516;4.71108521749369
5;56.896;18269.286;4.21458;79.0751661099466;4.70487341772152;0.0273417721518996;0.22324245219878;4.70495286366261;4.71024613388204
5;56.912;18269.302;4.0413;74.2128102826448;4.7073417721519;0.0265189873417722;0.223622753963672;4.70741646941672;4.7127250028647
5;56.926;18269.316;3.89082;70.1052613084013;4.70848101265823;0.0313291139240501;0.22575;4.70858523974477;4.71399385048838
5;56.942;18269.332;3.76086;66.68973253921;4.70810126582279;0.0296202531645591;0.227834826791474;4.70819444040278;4.71370380878336
5;56.956;18269.346;3.65142;63.6970380426671;4.7103164556962;0.0312025316455706;0.227196666246255;4.7104198019692;4.71589578298089
5;56.972;18269.362;3.56364;61.3591665421669;4.71177215189873;0.0320886075949343;0.223167620221963;4.7118814172415;4.71716337186464
5;56.986;18269.376;3.50094;59.7002389344057;4.71310126582279;0.0274050632911393;0.217884470466975;4.71318094065933;4.71821451630434
5;57.002;18269.392;3.45306;58.4602882326031;4.71354430379747;0.0259493670886091;0.216449534376326;4.71361573248328;4.71858280360169
5;57.016;18269.406;3.42798;57.9127476979018;4.71170886075949;0.0300632911392409;0.218267990333139;4.71180476994046;4.71685754561633
5;57.032;18269.422;3.42342;57.4408571665402;4.71803797468355;0.0275316455696206;0.221386406780811;4.71811830310175;4.72330946087286
5;57.046;18269.436;3.42114;57.4326496958354;4.7170253164557;0.0302531645569637;0.222294985100974;4.71712233146965;4.72235726628669
5;57.062;18269.452;3.42342;57.6587697180515;4.71379746835443;0.0287974683544299;0.224078157522527;4.71388543208766;4.7192082903308
5;57.076;18269.466;5.70114;119.565307837772;4.71772151898734;0.0163924050632911;0.225210281991708;4.71774999779132;4.72312234785155
5;57.092;18269.482;5.70114;119.258383046033;4.72044303797468;0.0301265822784806;0.224547776375145;4.72053917320082;4.7258768275949
0;57.636;18270.026;5.70114;121.005938653694;4.70417721518987;0.00746835443037952;0.233031275391907;4.70418314356801;4.70995144598543
0;58.236;18270.626;5.70342;120.430708787419;4.70930379746835;0.0109493670886085;0.240046832266551;4.70931652636447;4.71543048163905
0;58.836;18271.226;5.70456;120.1381145627;4.71164556962025;0.00848101265822798;0.246818149957661;4.71165320257103;4.71811351076321
0;59.436;18271.826;5.70342;120.050291807065;4.71158227848101;0.00981012658227876;0.253006731463225;4.71159249144914;4.71838067684726
0;60.036;18272.426;5.70342;119.754968619352;4.71158227848101;0.00867088607594901;0.280882128543662;4.71159025713842;4.71995524568792
0;60.637;18273.027;5.70114;119.974488023364;4.70651898734177;0.00506329113924231;0.304639103492775;4.70652171089498;4.71637059596706
0;64.753;18277.143;5.70342;119.621144784807;4.70689873417721;0.05493670886076;0.329803532179014;4.70721932097704;4.71875874628247
0;65.352;18277.742;5.70456;119.400600461044;4.70563291139241;0.0694303797468336;0.356059572494007;4.70614509704186;4.71959533154865
0;65.953;18278.343;5.70456;119.873085006289;4.69924050632911;0.0390506329113922;0.376507115611967;4.69940275867637;4.71446114591705
0;66.552;18278.942;5.70456;119.425447483209;4.70012658227848;0.0510126582278492;0.397858822163247;4.70040340617061;4.71721144566506
0;67.152;18279.542;5.70342;119.60257848235;4.6946835443038;0.0442405063291123;0.422502816656524;4.69489199061673;4.71386459644736
0;67.752;18280.142;3.4257;57.7089111316931;4.69803797468354;0.0132911392405042;0.37422994682703;4.69805677551378;4.71293809836848
6;67.828;18280.218;3.42342;58.0286557624755;4.69443037974684;0.00354430379746873;0.348762652835827;4.69443171772467;4.70736917400712
6;67.842;18280.232;3.4257;57.7039303659494;4.70487341772152;0.0095569620253162;0.3199741935497;4.7048831241919;4.71575112753456
6;67.858;18280.248;3.43482;58.0913380152824;4.70512658227848;0.0118987341772137;0.291410221432991;4.70514162753244;4.7141571518453
6;67.872;18280.262;3.46446;58.7349473726397;4.70879746835443;0.0154430379746824;0.274903517196269;4.7088227918879;4.71684047103247
6;67.888;18280.278;3.52032;60.2328430144742;4.70854430379747;0.0124050632911388;0.2647435588132;4.70856064487003;4.71599750830637
6;67.902;18280.292;3.59442;62.2037170622094;4.70746835443038;0.0132278481012662;0.264505605271185;4.70748693932642;4.71491214119083
6;67.918;18280.308;3.68562;64.4529369082624;4.70930379746835;0.00455696202531541;0.265762164811276;4.70930600224203;4.71679897292623
6;67.932;18280.322;3.80418;67.702400150637;4.70677215189873;0.000253164556964336;0.267251940766166;4.70677215870725;4.71435337600238
6;67.948;18280.338;3.93756;71.2722352925717;4.70594936708861;0.0062025316455685;0.268998948071371;4.70595345461475;4.71363536466961
6;67.962;18280.352;4.09602;75.25876332494;4.70943037974683;0.0184177215189862;0.269001901215779;4.70946639378055;4.71714275139157
6;67.978;18280.368;4.27386;80.4507974815667;4.70405063291139;0.0221518987341778;0.269253309810315;4.70410279050231;4.7118022463231
6;67.992;18280.382;4.47564;85.9560203662964;4.70430379746836;0.0231012658227829;0.26921201284355;4.70436051842945;4.71205719354266
6;68.008;18280.398;4.69794;92.5852605461125;4.69886075949367;0.0283544303797481;0.268235844884061;4.69894630857085;4.70659610326956
6;68.022;18280.412;4.9419;99.0384803429046;4.70310126582278;0.0428481012658235;0.268570704561962;4.7032964478508;4.71095825705502
6;68.038;18280.428;5.20182;106.412420305043;4.70284810126582;0.0356962025316445;0.270994109071448;4.70298357242025;4.71078467875641
6;68.052;18280.442;5.48682;114.763796422219;4.70101265822785;0.0240506329113916;0.272006959798862;4.70107417998928;4.70893684730863
6;68.068;18280.458;5.79006;123.621173115358;4.70025316455696;0.036455696202534;0.270502851250511;4.70039453968636;4.70817168561725
6;68.082;18280.472;6.11838;133.671330536451;4.69658227848101;0.0239873417721537;0.270372271956981;4.69664353460077;4.70441937507174
6;68.098;18280.488;6.46494;143.794543631804;4.69721518987342;0.0270253164556973;0.271001462846014;4.69729293398944;4.70510389901985
6;68.112;18280.502;6.8343;155.319423972791;4.69316455696202;0.0218354430379737;0.271760106356377;4.69321535253787;4.70107688734231
6;68.128;18280.518;7.22076;166.878740163346;4.69310126582278;0.021012658227848;0.272210857681346;4.69314830610255;4.70103603199474
6;68.142;18280.532;7.6323;179.276313022944;4.6923417721519;0.0207594936708855;0.277061662349804;4.69238769319619;4.7005601185394
6;68.158;18280.548;8.0655;192.499032371747;4.69075949367089;0.00563291139240363;0.2830349805173;4.69076287581821;4.69929411266742
6;68.172;18280.562;8.51694;206.328109585894;4.68898734177215;0.00949367088607467;0.289189395692667;4.68899695255674;4.6979062280624
6;68.188;18280.578;8.9889;220.796175525215;4.68759493670886;0.0151898734177216;0.29196958273307;4.68761954758628;4.69670344605174
6;68.202;18280.592;9.48138;236.024138101289;4.68632911392405;0.0187341772151886;0.287928650669577;4.68636655986363;4.69520334397612
6;68.218;18280.608;10.00008;251.97558405172;4.68556962025317;0.0165822784810121;0.282618021882443;4.68559896258728;4.69411446222733
6;68.232;18280.622;10.53474;269.165826629257;4.68164556962025;0.00854430379746773;0.277305939228611;4.68165336656531;4.68985893482989
6;68.248;18280.638;11.09106;285.866948736157;4.68246835443038;0.0068354430379749;0.27037890357459;4.68247334359988;4.6902730586845
6;68.262;18280.652;11.6679;304.171406450205;4.67879746835443;0.00259493670886002;0.26875491331807;4.6787981879513;4.68651060886551
6;68.278;18280.668;12.26982;322.041318161254;4.67917721518987;0.00107594936708821;0.267252991089742;4.679177338894;4.68680325275827
6;68.292;18280.682;12.89112;340.37920687387;4.67924050632912;0.0015189873417718;0.267503749436491;4.67924075287794;4.68688086891018
6;68.308;18280.698;13.5318;360.603831688922;4.67474683544304;0.000886075949365406;0.267485061094359;4.67474691941877;4.6823933002818
6;68.322;18280.712;14.1987;379.226000919122;4.6770253164557;0.00354430379746873;0.268003638887442;4.67702665941268;4.68469895759736
6;68.338;18280.728;14.88042;399.95069200221;4.67392405063291;0.0013924050632923;0.267485060982203;4.67392425803806;4.68157198254233
6;68.352;18280.742;15.58836;420.683777390639;4.67240506329114;0.00537974683544284;0.267503743237233;4.67240816037562;4.68005943015584
6;68.368;18280.758;16.3077;441.297311179083;4.67151898734177;0.0075949367088608;0.267251545363915;4.67152516124641;4.67916346376761
6;68.382;18280.772;17.05896;463.081482244737;4.66930379746836;0.0054430379746826;0.26775;4.66930696995976;4.6769774045012
6;68.398;18280.788;17.82276;484.353623284084;4.66854430379747;0.00968354430379748;0.268251767937654;4.66855434664202;4.67625477263074
6;68.412;18280.802;18.61392;506.587528603735;4.66658227848101;0.0114556962025336;0.2695;4.66659633939004;4.67437179146124
6;68.428;18280.818;19.42218;528.349005728593;4.66588607594937;0.00829113924050695;0.272251225256071;4.6658934424961;4.67382951618708
6;68.442;18280.832;20.25324;551.193291237116;4.66348101265823;0.0117721518987342;0.274991349845563;4.66349587101609;4.67159651312846
6;68.458;18280.848;21.10482;572.773908187578;4.66430379746835;0.0131645569620265;0.274990496037089;4.66432237529073;4.67242153423131
6;68.472;18280.862;21.97692;595.233575723494;4.66392405063291;0.0161392405063285;0.27214621498015;4.66395197500534;4.67188522841521
6;68.488;18280.878;22.87068;617.11751080969;4.66430379746835;0.0251898734177232;0.27450454757356;4.66437181674023;4.67244231547475
6;68.502;18280.892;23.78838;638.817926865735;4.66512658227848;0.020632911392406;0.279065037512377;4.66517220965248;4.67351142513588
6;68.518;18280.908;24.72546;663.82293972482;4.6603164556962;0.0264556962025324;0.282181060328729;4.66039154697268;4.66892659204475
6;68.532;18280.922;25.67964;684.848366105926;4.6626582278481;0.0222151898734175;0.282587152145758;4.66271114957604;4.67126650523587
6;68.548;18280.938;26.6589;709.33851290679;4.66012658227848;0.0262025316455698;0.276192742309713;4.66020024629019;4.66837753040901
6;68.562;18280.952;27.65868;732.348076665045;4.65993670886076;0.0253164556962027;0.271384810964402;4.66000547784196;4.66790110961439
6;68.578;18280.968;28.67784;754.973933811375;4.65917721518987;0.0289240506329094;0.276966249720911;4.65926699420086;4.66749174897331
6;68.592;18280.982;29.71752;776.346575835874;4.66025316455696;0.0300000000000011;0.282072503696603;4.66034972483431;4.66887828660213
6;68.608;18280.998;30.78114;798.893929401294;4.65955696202532;0.0301265822784806;0.287366591416056;4.65965435341704;4.66850706877268
6;68.622;18281.012;31.86414;822.069419085052;4.65841772151899;0.0363291139240527;0.286569420666682;4.65855937739133;4.66736515665337
6;68.64;18281.03;32.9688;846.888610321792;4.6556329113924;0.0322784810126588;0.281195858333911;4.65574480679264;4.66422885552593
6;68.656;18281.046;34.09512;866.556541654881;4.6596835443038;0.0355696202531632;0.274693886556771;4.65981930239151;4.66790881040453
6;68.668;18281.058;35.24424;891.666326348624;4.65626582278481;0.0413291139240499;0.269738956702894;4.656449238217;4.66425541891252
6;68.682;18281.072;36.40818;914.468516879399;4.65506329113924;0.0449367088607602;0.270426572243333;4.65528017978675;4.66312814356314
6;68.698;18281.088;37.5972;934.512617340666;4.65670886075949;0.0460126582278484;0.276314225076992;4.65693617935582;4.66512637873542
6;68.712;18281.102;38.80218;954.869305559739;4.65740506329114;0.0460759493670881;0.284018329756165;4.65763297359077;4.66628453143585
6;68.728;18281.118;40.03794;977.667564802298;4.65474683544304;0.0552531645569605;0.29392015486582;4.65507475925581;4.66434454899044
6;68.742;18281.132;41.28738;1000.16132312538;4.65259493670886;0.0512025316455702;0.301831688756933;4.65287667409484;4.66265629364568
6;68.758;18281.148;42.56076;1019.59307036616;4.65367088607595;0.0506329113924036;0.309997104032111;4.65394632625119;4.66425927797065
6;68.772;18281.162;43.85352;1040.4159604685;4.65303797468354;0.0493037974683563;0.316868662218336;4.65329917996812;4.66407536467712
6;68.788;18281.178;45.16794;1060.5381600871;4.6526582278481;0.0511392405063287;0.32557167580752;4.65293926535499;4.6643156757632
6;68.802;18281.192;44.71878;1056.06231798653;4.65012658227848;0.047911392405064;0.323946438722196;4.65037339713008;4.66164284645402
6;68.818;18281.208;43.41462;1034.88111267116;4.65069620253164;0.05493670886076;0.321405504966711;4.65102066327626;4.66211268727447
6;68.832;18281.222;42.12756;1014.29471413221;4.6506329113924;0.0565189873417715;0.317061042329266;4.65097633540059;4.66177097003052
6;68.848;18281.238;40.85988;992.246482623606;4.6523417721519;0.0558227848101271;0.310027594545867;4.65267666491165;4.66299445180812
6;68.862;18281.252;39.615;970.080087570534;4.65354430379747;0.0619620253164541;0.305958250417836;4.65395679825105;4.66400303719733
6;68.878;18281.268;38.3895;947.183712966514;4.65537974683544;0.0636708860759487;0.303093434944596;4.65581513475131;4.6656703911963
6;68.892;18281.282;37.18794;928.875241053187;4.65183544303797;0.0608860759493659;0.298008707004664;4.65223388313064;4.6617689016938
6;68.908;18281.298;36.00576;905.079103676466;4.65474683544304;0.06487341772152;0.291853062088349;4.6551988853747;4.66433863181525
6;68.922;18281.312;34.85094;883.599939954658;4.65506329113924;0.0651898734177223;0.283446720495308;4.6555197308258;4.66414043607907
6;68.938;18281.328;33.70752;862.15228517161;4.65462025316456;0.0670886075949362;0.277100845471549;4.65510371339229;4.66334380686217
6;68.952;18281.342;32.59032;839.812442616129;4.6553164556962;0.0658227848101269;0.27138615287089;4.65578177556423;4.66368463616978
6;68.968;18281.358;31.49478;816.482509367223;4.65715189873418;0.0653164556962036;0.266624137443537;4.65760990715926;4.6652350935334
6;68.982;18281.372;30.41976;794.429455732435;4.65683544303798;0.0590506329113936;0.265813615348962;4.65720982142548;4.66478940563096
6;68.998;18281.388;29.36184;771.358029286519;4.6576582278481;0.0587341772151895;0.264683309109805;4.65802853909401;4.66554253277532
6;69.012;18281.402;28.33014;749.258828374216;4.65715189873418;0.0582911392405059;0.263478216685014;4.65751668432839;4.66496328339943
6;69.028;18281.418;27.31668;726.929764558795;4.65683544303798;0.0617088607594933;0.261247290470329;4.65724428466351;4.66456583979785
6;69.042;18281.432;26.32374;702.670366102195;4.65924050632911;0.0651898734177223;0.262205064892316;4.65969653683737;4.66706795659431
6;69.058;18281.448;25.35246;679.830645625099;4.65974683544304;0.0613291139240513;0.262290090830996;4.66015040858513;4.66752588877493
6;69.072;18281.462;24.40512;658.637715867652;4.6576582278481;0.0595569620253151;0.261485599500878;4.65803898643697;4.66537264512848
6;69.088;18281.478;23.47374;636.097280797871;4.65778481012658;0.0549999999999997;0.260257899063512;4.65810952398566;4.66537442350245
6;69.102;18281.492;22.5663;614.558099572853;4.65601265822785;0.0600632911392385;0.260249936439538;4.65640005503398;4.66366717315218
6;69.118;18281.508;21.68052;590.999989692327;4.65854430379747;0.0579113924050638;0.258033263290911;4.65890424454229;4.6660443552091
6;69.132;18281.522;20.81298;568.002598331997;4.66012658227848;0.0546202531645577;0.257313825426373;4.66044666688873;4.66754470141099
6;69.148;18281.538;19.96938;547.729101616771;4.65651898734177;0.0599999999999987;0.256533773743696;4.65690552614872;4.66396597935123
6;69.162;18281.552;19.14858;524.052832714315;4.66044303797468;0.0598101265822777;0.256196831091148;4.6608268109262;4.66786282764496
6;69.178;18281.568;18.34146;501.497031537567;4.66253164556962;0.0482278481012663;0.255008640733059;4.66278106619543;4.66974910226654
6;69.192;18281.582;17.56056;479.922298134674;4.6626582278481;0.0591139240506333;0.256495427688215;4.66303294066601;4.6700820239222
6;69.208;18281.598;16.80018;459.226557948506;4.66177215189873;0.0507594936708848;0.257010450140491;4.66204848992546;4.66912738034611
6;69.222;18281.612;16.06146;438.052169123482;4.66246835443038;0.0541772151898741;0.258507824022034;4.66278310955061;4.66994353518231
6;69.238;18281.628;15.34098;417.61404296798;4.66215189873418;0.0521518987341754;0.258826904216126;4.66244358115058;4.66962220246546
6;69.252;18281.642;14.6433;396.625120567154;4.66462025316456;0.0434177215189866;0.258706517767798;4.66482231224029;4.67199061076865
6;69.268;18281.658;13.96614;376.119585444834;4.66696202531646;0.0458227848101274;0.256752665530185;4.66718697647241;4.67424391796261
6;69.282;18281.672;13.31292;356.80306586265;4.66759493670886;0.0359493670886089;0.254538077939844;4.66773337393903;4.67466838217489
6;69.298;18281.688;12.67452;337.641854739706;4.66829113924051;0.0347468354430394;0.254002777955593;4.66842045056834;4.675325327129
6;69.312;18281.702;12.0669;319.512603357421;4.66791139240506;0.0359493670886071;0.255295713278385;4.66804982025032;4.67502567111212
6;69.328;18281.718;11.47068;300.499983483605;4.67158227848101;0.031898734177215;0.256273456627093;4.67169118348591;4.67871505847829
6;69.342;18281.732;10.90296;283.676214070658;4.67012658227848;0.0333544303797471;0.256339414916228;4.67024569081007;4.67727535090352
6;69.358;18281.748;10.3512;266.784409271938;4.6703164556962;0.0282911392405065;0.258013190387046;4.67040214381013;4.67752359601958
6;69.373;18281.763;9.82224;249.617862056949;4.67436708860759;0.029113924050634;0.26025281449954;4.67445775460977;4.68169700291319
6;69.387;18281.777;9.31038;234.292135898736;4.6729746835443;0.0224050632911386;0.259275012079163;4.6730283949391;4.68021558390163
6;69.403;18281.793;8.82588;219.108836209265;4.67462025316456;0.0190506329113926;0.258655549231747;4.67465907183728;4.68180949324713
6;69.417;18281.807;8.35848;204.802342990118;4.67436708860759;0.0183544303797465;0.259784471344563;4.67440312384078;4.68161644474685
6;69.433;18281.823;7.91502;191.309421062971;4.67367088607595;0.0240506329113934;0.260493794687448;4.67373276774543;4.6809865414641
6;69.447;18281.837;7.4898;177.992810662916;4.67556962025316;0.0189240506329114;0.259820661486106;4.67560791700145;4.68282138989539
6;69.463;18281.853;7.08738;165.247346679101;4.67867088607595;0.0156962025316449;0.260259639710285;4.67869721514319;4.68593029302088
6;69.477;18281.867;6.70662;153.216783536031;4.68208860759494;0.0165189873417724;0.261493482249325;4.68211774801885;4.68941419023442
6;69.493;18281.883;6.34524;142.629206025833;4.68012658227848;0.0175949367088624;0.261250296950977;4.68015965624544;4.68744558641531
6;69.507;18281.897;6.00324;132.204934425605;4.68183544303798;0.0179113924050647;0.26075;4.68186970490043;4.68912513121206
6;69.523;18281.913;5.68632;122.559878779415;4.68411392405063;0.00411392405063182;0.261250294901302;4.68411573062153;4.69139551673509
6;69.537;18281.927;5.38992;113.602644221239;4.68664556962025;0.00113924050632974;0.26149278364753;4.68664570808484;4.69393507294358
6;69.553;18281.943;5.11062;105.422852300375;4.68759493670886;0.012341772151899;0.26075;4.6876111837479;4.69485773719486
6;69.567;18281.957;4.85412;97.9908309568138;4.68854430379747;0.0237341772151893;0.259501371449317;4.68860437655383;4.69578022927222
6;69.583;18281.973;4.62156;91.4151282599293;4.68854430379747;0.0192405063291154;0.258476062820159;4.6885837825249;4.69570311676606
6;69.597;18281.987;4.40382;84.9336836037981;4.69329113924051;0.0294303797468363;0.25786882135524;4.69338341337307;4.70046212557368
6;69.613;18282.003;4.2123;79.5993545859286;4.69398734177215;0.0250000000000004;0.258495530888456;4.69405391582981;4.70116603665585
6;69.627;18282.017;4.04244;74.9702360524002;4.69379746835443;0.0307594936708853;0.259965314889088;4.69389825415734;4.70109165889442
6;69.643;18282.033;3.89424;70.8124691968549;4.69607594936709;0.0306962025316437;0.261624430891634;4.69617627214672;4.70345818753747
6;69.657;18282.047;3.76314;67.3037093944717;4.69620253164557;0.0341772151898727;0.26294342453247;4.69632689452857;4.70368212624719
6;69.673;18282.063;3.65256;64.3278718907323;4.69740506329114;0.0410126582278476;0.25976997339453;4.69758409895641;4.70476107850819
6;69.687;18282.077;3.56592;62.0616490553438;4.69753164556962;0.0454430379746817;0.258235806377092;4.69775144413031;4.70484371286907
6;69.703;18282.093;3.50094;60.2982479931179;4.69873417721519;0.046455696202532;0.259744898119956;4.69896382193349;4.70613731333236
6;69.717;18282.107;3.4542;59.177684882511;4.69715189873418;0.0452531645569625;0.26075;4.69736988203872;4.70460140407075
6;69.733;18282.123;3.42912;58.4529169390343;4.69867088607595;0.042974683544303;0.26024858518915;4.69886740811905;4.70606887382414
6;69.747;18282.137;3.42114;58.1285737654869;4.70082278481012;0.0536075949367092;0.258505001518028;4.70112844202591;4.70823039625662
6;69.763;18282.153;3.42456;58.2751263492386;4.70018987341772;0.0547468354430389;0.253459555551621;4.70050870248844;4.70733723122425
6;69.777;18282.167;3.42114;58.1344788196805;4.70139240506329;0.0567721518987359;0.250354078575088;4.70173517157421;4.70839577651212
6;69.793;18282.183;5.70114;121.086218526804;4.70170886075949;0.0566455696202528;0.24680373153062;4.70205007756212;4.70852280591263
6;69.807;18282.197;5.70342;120.804485888758;4.70246835443038;0.0555696202531628;0.272177380045163;4.70279667932968;4.71066631521725
0;70.353;18282.743;5.7;121.335363173524;4.69525316455696;0.0356962025316463;0.291157891860527;4.69538885484018;4.70440744580548
0;70.953;18283.343;5.70342;121.225213143519;4.69525316455696;0.00873417721518877;0.310359992791475;4.69526128827074;4.7055076123899
0;71.554;18283.944;5.70456;120.098566664546;4.70360759493671;0.00974683544303723;0.328075857116439;4.70361769364257;4.71504540550461
0;72.153;18284.543;5.70342;120.497981743455;4.69772151898734;0.0163291139240496;0.34429901851447;4.69774989861298;4.71034987278741
0;72.754;18285.144;5.70342;120.384946499443;4.69683544303797;0.0185443037974693;0.359190062938762;4.69687205171496;4.71058643604966
0;73.353;18285.743;5.70342;119.956388915562;4.69911392405063;0.0129113924050621;0.371478777885162;4.69913166183502;4.71379198286045
0;77.466;18289.856;5.70114;119.29847430325;4.7043670886076;0.0109493670886049;0.372463295742619;4.70437983086123;4.71910145045531
0;78.066;18290.456;5.70342;119.878219060663;4.70227848101266;0.00227848101265771;0.352874246854378;4.70227903302967;4.71550085765695
0;78.666;18291.056;5.70342;120.198783105072;4.70101265822785;0.016962025316456;0.339404705712235;4.70104325901403;4.71327946098901
0;79.265;18291.655;5.70342;120.913239410632;4.69708860759494;0.0027215189873413;0.318838833435102;4.69708939602641;4.70789836296091
0;79.865;18292.255;5.70342;120.692956130414;4.69778481012658;0.0598734177215192;0.324287125426351;4.69816633894605;4.7093448682511
0;80.466;18292.856;3.4257;58.0243889822223;4.69930379746835;0.073544303797469;0.308795831894196;4.69987924797239;4.71001271880626
7;80.54;18292.93;3.42114;57.927722030556;4.70113924050633;0.070949367088609;0.288850444452571;4.70167459224038;4.71053909341374
7;80.556;18292.946;3.4257;57.9730925040948;4.70436708860759;0.0796835443037978;0.266991270753554;4.7050418884009;4.7126111138376
7;80.57;18292.96;3.43368;57.9933904848342;4.70892405063291;0.0785443037974698;0.254251878165584;4.70957905998913;4.716437102288
7;80.586;18292.976;3.46674;58.7230798196824;4.71183544303797;0.0808227848101275;0.243535124582739;4.71252857442937;4.71881711043338
7;80.6;18292.99;3.5169;60.0642430881094;4.71139240506329;0.0820886075949367;0.23564391369675;4.71210748328017;4.71799586562422
7;80.616;18293.006;3.59442;62.1896280314609;4.71006329113924;0.0742405063291134;0.226728223657929;4.71064834808516;4.71610151997606
7;80.63;18293.02;3.68676;64.4417443586761;4.71221518987342;0.0863291139240516;0.225014214356564;4.71300591041266;4.71837430777245
7;80.646;18293.036;3.80418;67.5713428003189;4.71139240506329;0.0794936708860767;0.225273102484562;4.71206299174777;4.71744481779088
7;80.66;18293.05;3.94098;71.2136665865433;4.71101265822785;0.0756329113924075;0.225420485600838;4.71161974306806;4.71700911580603
7;80.676;18293.066;4.09602;75.3582489832651;4.71088607594937;0.0767721518987354;0.22526920172824;4.71151160285962;4.71689387172619
7;80.69;18293.08;4.27386;80.2248785639323;4.70987341772152;0.0796202531645562;0.225539846025298;4.71054635851021;4.71594266481463
7;80.706;18293.096;4.47564;85.7023536040765;4.71063291139241;0.065063291139241;0.225968280551203;4.71108221725615;4.71649841742393
7;80.72;18293.11;4.69794;91.6855182341677;4.7123417721519;0.0651265822784808;0.227289921029293;4.71279178929931;4.71826950878058
7;80.736;18293.126;4.94076;98.5565620282391;4.71082278481012;0.0763924050632898;0.228754279098871;4.71144214752103;4.71699222276692
7;80.75;18293.14;5.20296;106.365426747541;4.7070253164557;0.062531645569619;0.227998041599883;4.70744065671066;4.71295879924978
7;80.766;18293.156;5.48682;114.64271710377;4.70550632911392;0.0584810126582287;0.229017775647973;4.70586972218449;4.71143916269068
7;80.78;18293.17;5.7912;123.630791338746;4.70360759493671;0.0571518987341797;0.231755578453346;4.70395479853657;4.7096604330694
7;80.796;18293.186;6.11382;132.969215312509;4.70411392405063;0.056265822784809;0.232981134583769;4.70445040926788;4.71021590400404
7;80.81;18293.2;6.46494;143.483294153497;4.7026582278481;0.0602531645569613;0.231;4.70304421112396;4.70871382139397
7;80.826;18293.216;6.83544;154.711543369579;4.70082278481013;0.0598734177215192;0.230664374249096;4.70120406708108;4.70685943426054
7;80.84;18293.23;7.21962;166.201841032804;4.70044303797468;0.0532278481012654;0.233025295220882;4.70074440456596;4.70651662541109
7;80.856;18293.246;7.6323;178.612534140142;4.69987341772152;0.0430379746835463;0.236747139812912;4.70007046860685;4.70602928359778
7;80.87;18293.26;8.06208;191.875769631179;4.6976582278481;0.037974683544304;0.238582663944775;4.69781171421964;4.70386613221446
7;80.886;18293.276;8.51238;205.670669066598;4.69632911392405;0.0405696202531658;0.238338821747807;4.6965043426338;4.70254807889619
7;80.9;18293.29;8.98776;219.935702002518;4.69670886075949;0.0350000000000001;0.238072500245645;4.69683926941691;4.70286908579326
7;80.916;18293.306;9.48252;235.30877422091;4.69443037974683;0.0344303797468353;0.238135016644045;4.69455663948573;4.70059255067822
7;80.93;18293.32;9.99894;251.09515693435;4.69335443037975;0.0211392405063293;0.239258083960331;4.69340203654603;4.69949647381448
7;80.946;18293.336;10.53246;266.409786453843;4.69588607594937;0.0223417721518988;0.242959682076912;4.69593922374194;4.70222017776635
7;80.96;18293.35;11.09562;284.100150936265;4.69227848101266;0.0212025316455691;0.243585287600105;4.69232638365264;4.69864455806756
7;80.976;18293.366;11.67018;302.138511049065;4.68892405063291;0.0199999999999996;0.2415;4.68896670414749;4.69518167940323
7;80.99;18293.38;12.27096;320.978930202636;4.68563291139241;0.0148101265822795;0.237754609906422;4.68565631690728;4.69168438566628
7;81.006;18293.396;12.8934;338.558638349111;4.68810126582278;0.00772151898734208;0.238275836873979;4.68810762466741;4.69415897418299
7;81.02;18293.41;13.53294;358.196083402488;4.6846835443038;0.00582278481012821;0.241749733337866;4.68468716299111;4.69092067175119
7;81.036;18293.426;14.193;377.378344678043;4.68405063291139;0.00253164556962027;0.246000758325128;4.68405131706591;4.69050670120014
7;81.05;18293.44;14.87814;396.684646856782;4.68455696202532;0.0034810126582272;0.249817400955379;4.68455825536507;4.69121463820716
7;81.066;18293.456;15.58152;417.286050927478;4.68278481012658;0.0134177215189855;0.247734941826383;4.68280403318386;4.68935243019809
7;81.08;18293.47;16.30998;437.375683920612;4.68398734177215;0.00411392405063538;0.242485570478748;4.68398914839187;4.69026156990665
7;81.096;18293.486;17.05668;458.717517056632;4.6826582278481;0.00930379746835364;0.23625;4.68266747052157;4.68862332694586
7;81.11;18293.5;17.82162;480.100476851978;4.68113924050633;0.0125316455696201;0.238297176907092;4.68115601439953;4.68721742355427
7;81.126;18293.516;18.61392;503.033866121454;4.6770253164557;0.0206329113924077;0.241921801379712;4.67707082775106;4.68332335908838
7;81.14;18293.53;19.42218;524.147906584631;4.67746835443038;0.0207594936708855;0.244129487070355;4.67751442149301;4.68388090900402
7;81.156;18293.546;20.25324;546.035111624984;4.67689873417722;0.0263291139240511;0.244305633146377;4.67697284490604;4.68334925393948
7;81.17;18293.56;21.10596;568.52991155863;4.6756329113924;0.0272151898734183;0.243704430660049;4.67571211567347;4.68205891015683
7;81.186;18293.576;21.97806;591.653450000461;4.67322784810127;0.0348734177215189;0.244702661478264;4.67335796569584;4.67976004385559
7;81.2;18293.59;22.87296;615.184711729243;4.67050632911392;0.0327215189873407;0.247169723033148;4.67062095101905;4.67715650155972
7;81.216;18293.606;23.78838;636.15596660063;4.67272151898734;0.0281645569620252;0.248987011523964;4.67280639833026;4.67943524030239
7;81.23;18293.62;24.72546;658.105958863754;4.67329113924051;0.0374050632911409;0.2485;4.67344083207048;4.68004289092137
7;81.246;18293.636;25.68192;680.009561241024;4.67398734177215;0.046835443037974;0.246740923743818;4.67422199192238;4.6807298910769
7;81.26;18293.65;26.65662;704.06040316035;4.67094936708861;0.0504430379746843;0.247603421349997;4.67122173419177;4.67777938174192
7;81.276;18293.666;27.65526;726.397437763607;4.67069620253165;0.0502531645569615;0.251149478466079;4.67096653776191;4.67771359292393
7;81.29;18293.68;28.6767;747.789140083644;4.67158227848101;0.0578481012658205;0.256430437036903;4.67194043063885;4.67897253213532
7;81.306;18293.696;29.71752;770.803868620661;4.67037974683544;0.0519620253164561;0.259173314502011;4.67066879918986;4.67785397791291
7;81.32;18293.71;30.78114;792.286453416362;4.67151898734177;0.0556962025316459;0.258779829631403;4.6718509946349;4.67901257919822
7;81.336;18293.726;31.86414;814.811496108765;4.67101265822785;0.0619620253164559;0.257455845730405;4.67142361019701;4.67851280412984
7;81.353;18293.743;32.9688;837.031006817526;4.67069620253165;0.0720886075949352;0.256496517649201;4.67125248554266;4.67828924365036
7;81.369;18293.759;34.09626;859.78820307907;4.6696835443038;0.0649367088607598;0.259;4.67013502803713;4.67731142646065
7;81.381;18293.771;35.24082;882.885075715092;4.66772151898734;0.0679113924050636;0.261998595084068;4.66821551945022;4.67556193412748
7;81.395;18293.785;36.40818;905.98790899768;4.66575949367089;0.0696202531645582;0.264751385834863;4.6662788849822;4.67378347045861
7;81.411;18293.801;37.5972;929.009991854704;4.66360759493671;0.0773417721518985;0.267865048546332;4.66424887299884;4.67193420688944
7;81.425;18293.815;38.80446;947.317991321631;4.66715189873418;0.0776582278480991;0.27125;4.66779794402141;4.67567259425963
7;81.441;18293.831;40.03794;969.755521620285;4.66512658227848;0.0805063291139234;0.278046917673797;4.66582118149728;4.67409856401602
7;81.455;18293.845;41.2851;991.69496275324;4.66373417721519;0.0831012658227852;0.281440747127087;4.66447449302774;4.6729574350993
7;81.471;18293.861;42.55962;1012.47707962432;4.66310126582279;0.0841139240506337;0.289998654176366;4.66385983575164;4.67286719123938
7;81.485;18293.875;43.85466;1035.59095387892;4.66183544303798;0.0844936708860757;0.278123432407833;4.66260108505809;4.67088872935753
7;81.501;18293.891;45.16794;1056.68877972862;4.6623417721519;0.0825316455696203;0.269095609280722;4.66307219254355;4.67083019599376
7;81.515;18293.905;44.72106;1051.32913613032;4.66012658227848;0.0851265822784804;0.272717324864695;4.66090402152511;4.66887577872343
7;81.531;18293.921;43.41234;1028.98878615802;4.66094936708861;0.0867721518987317;0.280815935034539;4.66175700877993;4.67020727572965
7;81.545;18293.935;42.12528;1008.01298161491;4.65987341772152;0.0864556962025311;0.291162644700655;4.66067536485792;4.66976129392741
7;81.561;18293.951;40.8576;988.764516938062;4.65822784810127;0.0884177215189865;0.2850855867395;4.6590668999602;4.66778086140206
7;81.575;18293.965;39.615;964.417665514102;4.66215189873417;0.0915822784810132;0.280960816490993;4.66305132296466;4.67150796007089
7;81.591;18293.981;38.39406;945.190932799981;4.6603164556962;0.0865189873417727;0.274683514918391;4.66111950097865;4.66920614620637
7;81.605;18293.995;37.18908;921.904901857644;4.6629746835443;0.0934810126582288;0.265389974792481;4.66391161999268;4.6714562438091
7;81.621;18294.011;36.00918;900.987471858732;4.66227848101266;0.0920886075949348;0.26219723275984;4.66318785233476;4.67055332214818
7;81.635;18294.025;34.8498;878.93702455513;4.6629746835443;0.0865822784810142;0.258715270142631;4.66377844567279;4.6709488309472
7;81.651;18294.041;33.7098;855.60775796169;4.66493670886076;0.089620253164556;0.25472674090226;4.66579749747607;4.67274565967212
7;81.665;18294.055;32.59374;832.372410273243;4.66683544303797;0.0850632911392406;0.25276737392329;4.66761061099733;4.67444971747637
7;81.681;18294.071;31.49364;810.910556664792;4.66575949367089;0.0845569620253155;0.252386035410781;4.6665256382674;4.67334572265709
7;81.695;18294.085;30.41862;787.222904949475;4.66778481012658;0.0880379746835427;0.251221188494032;4.66861496791445;4.67536926928592
7;81.711;18294.101;29.36184;764.434748930399;4.66772151898734;0.0901898734177227;0.257690887993143;4.66859276357283;4.67569919753605
7;81.725;18294.115;28.329;741.537693276251;4.66829113924051;0.0889873417721532;0.260938595577103;4.66913920414749;4.67642490139303
7;81.741;18294.131;27.31668;718.628558721211;4.66848101265823;0.0899367088607583;0.267323194312283;4.669347232446;4.67699318658563
7;81.755;18294.145;26.32146;697.753390961745;4.66607594936709;0.0910759493670898;0.265174534701105;4.66696470886754;4.67449217858679
7;81.771;18294.161;25.35132;672.720351487191;4.67069620253165;0.091835443037974;0.262826952120975;4.6715989516376;4.67898651116914
7;81.785;18294.175;24.4017;650.157572569173;4.67107594936709;0.093291139240506;0.262997345166608;4.67200746589905;4.67940395402888
7;81.801;18294.191;23.47146;628.633390604136;4.66993670886076;0.090696202531646;0.261493501166336;4.67081734452536;4.67813141297582
7;81.815;18294.205;22.56744;606.173406649494;4.67082278481013;0.0893670886075952;0.259499938919175;4.67167763909579;4.67887937244878
7;81.831;18294.221;21.67938;584.988899114155;4.6693670886076;0.0863924050632914;0.256750579314967;4.67016623428164;4.6772185661783
7;81.845;18294.235;20.81412;562.401946171232;4.6706329113924;0.0894936708860765;0.254918960299363;4.67149022369849;4.67844040107712
7;81.861;18294.251;19.96938;540.58348180807;4.67088607594937;0.0856329113924037;0.253256267578916;4.67167097835573;4.67853058845181
7;81.875;18294.265;19.14858;519.526085528716;4.66993670886076;0.0858860759493663;0.251251874932754;4.67072641917799;4.6774793198329
7;81.891;18294.281;18.34488;497.113668591178;4.6723417721519;0.0828481012658226;0.248514161710199;4.67307622917484;4.67967955444061
7;81.905;18294.295;17.5617;475.824367072612;4.67272151898734;0.0846835443037968;0.244872814388118;4.67348881422468;4.6798996134436
7;81.921;18294.311;16.7979;455.078332624163;4.67253164556962;0.0801898734177211;0.240732738651954;4.67321970322906;4.67941605823923
7;81.935;18294.325;16.06146;434.817895422044;4.67183544303797;0.0765822784810126;0.240598030914658;4.67246308195187;4.67865350979138
7;81.951;18294.341;15.34212;414.119692243788;4.67272151898734;0.078544303797468;0.239564955915908;4.67338160240167;4.67951781381046
7;81.966;18294.356;14.64444;393.699754260987;4.67417721518987;0.0805063291139234;0.235792470337595;4.67487046965235;4.68081317690585
7;81.98;18294.37;13.96842;373.050020833944;4.6776582278481;0.078734177215189;0.23275;4.67832080635956;4.68410697248865
7;81.996;18294.386;13.31064;353.941041487825;4.67740506329114;0.0799367088607603;0.231745009893189;4.67808807137329;4.68382469282695
7;82.01;18294.4;12.67908;335.163217673141;4.67803797468354;0.0800632911392398;0.230254990106811;4.67872305476284;4.68438542219131
7;82.026;18294.416;12.06348;316.39219117746;4.67981012658228;0.0784177215189867;0.22925;4.68046708779266;4.68607807472414
7;82.04;18294.43;11.47296;298.997927271282;4.67879746835443;0.0819620253164537;0.228242055490377;4.67951530860556;4.68507822339908
7;82.056;18294.446;10.90182;281.795873485968;4.67917721518987;0.0748734177215198;0.22575;4.67977621685411;4.68521808482096
7;82.07;18294.46;10.35348;264.896711884856;4.68050632911392;0.0772151898734172;0.223251529609015;4.68114320251183;4.68646379777925
7;82.086;18294.476;9.81996;248.232656080428;4.68246835443038;0.0765189873417693;0.223724488089962;4.68309353373022;4.68843446069548
7;82.1;18294.49;9.31152;232.456225152747;4.68398734177215;0.0708227848101259;0.224429533402472;4.68452273820183;4.68989572380807
7;82.116;18294.506;8.8293;217.537445622281;4.685;0.0741772151898736;0.225303734992775;4.68558718404143;4.69100085613454
7;82.13;18294.52;8.35962;203.188599491221;4.68518987341772;0.0763924050632916;0.225541200270415;4.68581262424431;4.69123744683071
7;82.146;18294.536;7.91502;189.558511487411;4.68575949367089;0.0694936708860752;0.228166142101091;4.68627478951246;4.69182599754311
7;82.16;18294.55;7.4898;176.612363875092;4.68601265822785;0.0681645569620262;0.228468242279988;4.68650840604148;4.69207403795251
7;82.176;18294.566;7.08624;163.949918966067;4.68924050632911;0.0565189873417733;0.228700869780122;4.68958110305471;4.69515441811726
7;82.19;18294.58;6.70548;152.426752852463;4.6896835443038;0.0675949367088631;0.227258173148154;4.69017066013407;4.69567323165115
7;82.206;18294.596;6.34524;141.397676245064;4.69177215189873;0.0668354430379736;0.226743623111449;4.6922481713757;4.69772344571285
7;82.22;18294.61;6.00438;131.388290322305;4.69139240506329;0.0574050632911369;0.224811728913361;4.69174360335014;4.69712660602565
7;82.236;18294.626;5.6829;121.624895849775;4.69398734177215;0.0543670886075933;0.226473105689486;4.69430217870994;4.69976201659632
7;82.25;18294.64;5.38764;112.553386827144;4.69835443037975;0.0554430379746851;0.228256153148816;4.69868154740549;4.70422248149247
7;82.266;18294.656;5.11062;104.802702987305;4.69620253164557;0.046645569620253;0.230720628105432;4.69643418216411;4.70209804615268
7;82.28;18294.67;4.85526;97.4031696140169;4.69778481012658;0.0435443037974697;0.228757703894324;4.69798661435399;4.70355273338572
7;82.296;18294.686;4.61814;90.8559146222403;4.69632911392405;0.0363291139240491;0.229526389423933;4.6964696263054;4.70207500091727
7;82.31;18294.7;4.40382;84.6464741908924;4.69917721518987;0.0377215189873414;0.230723613870141;4.69932861297807;4.70498913906841
7;82.326;18294.716;4.21002;79.2739866248342;4.69981012658228;0.0382278481012666;0.230507509338645;4.69996559501192;4.70561476389189
7;82.34;18294.73;4.04586;74.6155705144118;4.70310126582278;0.0307594936708853;0.226008762173576;4.70320185225286;4.70862905988718
7;82.356;18294.746;3.89196;70.4082693229225;4.70474683544304;0.0275316455696188;0.221336927283926;4.70482739078907;4.71003087171396
7;82.37;18294.76;3.76086;66.8312103830995;4.70664556962025;0.0218354430379755;0.21875;4.70669621970641;4.71177682696227
7;82.386;18294.776;3.65256;64.0287890197609;4.70594936708861;0.0255063291139219;0.219751143064758;4.70601848895927;4.71114641921739
7;82.4;18294.79;3.56364;61.6530275315747;4.7070253164557;0.0180379746835442;0.220732258817385;4.70705987834078;4.7122325312285
7;82.416;18294.806;3.4998;60.0870679308121;4.70569620253164;0.00917721518987413;0.220007771029983;4.70570515138798;4.71084540089281
7;82.431;18294.821;3.4542;58.8734587091253;4.70651898734177;0.00848101265822976;0.219050234748607;4.70652662860674;4.71162136754724
7;82.445;18294.835;3.43026;58.0998654915232;4.70924050632911;0.0185443037974693;0.220992462015404;4.70927701857241;4.71445942881279
7;82.461;18294.851;3.42342;57.9872896227482;4.70791139240506;0.0015189873417718;0.224292071980123;4.70791163745242;4.7132514169746
7;82.475;18294.865;3.42342;57.8466482073722;4.71063291139241;0.0118987341772154;0.222072137396342;4.7106479390598;4.71587956164872
7;82.491;18294.881;3.42342;57.7269463894308;4.7129746835443;0.00525316455696334;0.220447076702303;4.71297761117825;4.71813044299265
7;82.506;18294.896;5.70342;119.99986001655;4.71487341772152;0.00658227848101411;0.219624161957028;4.71487801236967;4.71999040719813
7;82.52;18294.91;5.70342;119.929726742037;4.71556962025316;0.0091139240506326;0.218716913358153;4.71557842762329;4.72064794231206
0;83.066;18295.456;5.7;121.172769209147;4.70303797468354;0.0475316455696202;0.220294010798606;4.70327815982066;4.70843444255517
0;83.666;18296.056;5.70114;120.841701750964;4.70601265822785;0.0353164556962042;0.225940860231357;4.70614517322231;4.71156573378381
0;84.265;18296.655;5.70342;121.597467353693;4.69987341772152;0.0153797468354426;0.228238736064166;4.69989858180132;4.70543723790449
0;84.865;18297.255;5.70456;121.478567594482;4.70101265822785;0.0222151898734175;0.230215095007728;4.70106514818499;4.70669868564464
0;85.465;18297.855;5.70114;121.093990324744;4.70348101265823;0.00177215189873436;0.232086431350595;4.70348134650907;4.70920384869628
0;86.066;18298.456;5.70342;120.959000879466;4.70512658227848;0.00525316455696156;0.233786441544662;4.70512951479568;4.71093407417802
0;90.188;18302.578;5.70342;121.441605277845;4.69848101265823;0.110063291139239;0.235914423680347;4.69976996823954;4.70568734295711
0;90.788;18303.178;5.70342;121.475083413921;4.69784810126582;0.112151898734178;0.238869105027337;4.69918661376164;4.70525379552401
0;91.388;18303.778;5.70456;120.502908698532;4.70759493670886;0.0846202531645552;0.241124855520631;4.70835541090225;4.71452562526946
0;91.988;18304.378;5.70342;120.189212682411;4.71094936708861;0.0393037974683548;0.243143705928029;4.71111332147381;4.71738355335883
0;92.588;18304.978;5.70342;120.309880968215;4.71050632911392;0.0620886075949389;0.230716478200099;4.7109155025128;4.71656177370004
0;93.188;18305.578;3.42456;58.0404295584504;4.7046835443038;0.039050632911394;0.25387745637687;4.70484560894125;4.71169035133147
8;93.262;18305.652;3.42114;57.6256868708673;4.70981012658228;0.0224683544303801;0.265321460846102;4.70986371940928;4.71733099676006
8;93.278;18305.668;3.42114;57.6482520955985;4.7103164556962;0.0268987341772142;0.25494884513531;4.71039325902867;4.71728773431711
8;93.292;18305.682;3.43482;57.6613576226457;4.71740506329114;0.0225316455696198;0.244647598665077;4.71745887170381;4.72379832907265
8;93.308;18305.698;3.46446;58.4213788488872;4.7179746835443;0.0282911392405047;0.235279028473775;4.71805950610254;4.72392228178704
8;93.322;18305.712;3.5169;59.9077078629356;4.71544303797468;0.0260759493670868;0.233203712285893;4.71551513617752;4.7212781077737
8;93.338;18305.728;3.59442;61.7587783065767;4.71772151898734;0.0330379746835447;0.23299443600363;4.7178371992352;4.72358701049277
8;93.352;18305.742;3.68562;64.1472123416982;4.71708860759494;0.045569620253163;0.230758702540046;4.71730871601509;4.72294940699029
8;93.368;18305.758;3.8019;67.162384932723;4.71740506329114;0.035759493670886;0.230251224795939;4.71754059575034;4.7231562433475
8;93.382;18305.772;3.94212;70.9554134979614;4.71550632911392;0.0375949367088619;0.23275;4.7156561917913;4.72139660287924
8;93.398;18305.788;4.09944;75.1608849435574;4.71487341772152;0.0348734177215189;0.236736677930188;4.715002386044;4.72094182924107
8;93.412;18305.802;4.27614;79.8479954325175;4.71556962025316;0.0360126582278468;0.238377745098047;4.71570713202243;4.72172825397282
8;93.427;18305.817;4.47792;85.3340731286253;4.71550632911392;0.0350000000000001;0.238725010190864;4.7156362179364;4.72167497509137
8;93.443;18305.833;4.69452;91.4963845722205;4.71329113924051;0.0225316455696198;0.237211603361211;4.71334499461849;4.71931037155476
8;93.457;18305.847;4.94076;98.2871878660724;4.71405063291139;0.0296202531645555;0.235989736013772;4.71414368990274;4.7200468095723
8;93.473;18305.863;5.20524;105.706456438189;4.71443037974684;0.0319620253164565;0.233563041212231;4.71453872362315;4.72032065338389
8;93.487;18305.877;5.48568;114.029480067416;4.71082278481012;0.036835443037976;0.235364807394592;4.71096679671488;4.71684266775032
8;93.503;18305.893;5.79006;123.007298177615;4.70860759493671;0.0422784810126586;0.23695233104541;4.70879739987318;4.71475549315553
8;93.517;18305.907;6.11496;132.40800706331;4.70867088607595;0.0352531645569609;0.24049692434634;4.70880285199864;4.71494040997451
8;93.532;18305.922;6.46608;142.907666729055;4.70651898734177;0.0396202531645571;0.244154941861849;4.70668574930061;4.71301415002173
8;93.548;18305.938;6.83088;153.752859524809;4.70575949367089;0.0296202531645555;0.24641925685185;4.70585271461732;4.71230009887089
8;93.562;18305.952;7.22076;165.439593639357;4.7046835443038;0.0352531645569609;0.247737538260968;4.70481562206791;4.71133356126669
8;93.578;18305.968;7.63002;177.970083114013;4.70284810126582;0.019683544303799;0.245973996523059;4.70288929334892;4.70931745717587
8;93.592;18305.982;8.06436;191.16410131606;4.70145569620253;0.0272151898734165;0.247479968322169;4.70153446546072;4.70804340088702
8;93.608;18305.998;8.51352;204.732483649625;4.70069620253165;0.0220886075949362;0.250026153236137;4.70074809951362;4.70739267242313
8;93.622;18306.012;8.98776;219.31766331857;4.69873417721519;0.0257594936708863;0.251212683962085;4.69880478628813;4.70551529932989
8;93.638;18306.028;9.48252;234.691569766298;4.69626582278481;0.0285443037974673;0.25074899091951;4.69635256933889;4.70304183608684
8;93.652;18306.042;9.99894;250.590331098608;4.69443037974684;0.0310759493670876;0.251004430968406;4.69453323610762;4.70123872285644
8;93.668;18306.058;10.53588;266.376539556507;4.69550632911392;0.032974683544305;0.252227602566622;4.69562211176578;4.70239149582425
8;93.682;18306.072;11.09448;283.626679825783;4.69310126582278;0.0323417721518986;0.252234059615764;4.6932127036278;4.69998590448137
8;93.698;18306.088;11.67018;301.057734955592;4.69164556962025;0.029493670886076;0.254336630827433;4.69173827355701;4.69862694298455
8;93.712;18306.102;12.27096;319.805064978895;4.68784810126582;0.030759493670887;0.256731514896853;4.68794901497366;4.69497359286862
8;93.728;18306.118;12.89226;337.856800786328;4.68810126582279;0.029493670886076;0.26075;4.68819403984429;4.69543969375942
8;93.742;18306.132;13.53294;356.973381309311;4.68658227848101;0.034303797468354;0.260225224317043;4.68670782143426;4.6939266473672
8;93.758;18306.148;14.19756;377.177430855111;4.68360759493671;0.0379113924050642;0.258579677973929;4.68376102902602;4.69089339325507
8;93.772;18306.162;14.877;396.309921659847;4.68474683544304;0.0382911392405063;0.255302873314378;4.68490332061804;4.69185450335584
8;93.788;18306.178;15.58608;416.958848681622;4.6829746835443;0.0460126582278484;0.255059934272638;4.68320072722001;4.69014121551849
8;93.802;18306.192;16.3077;437.740902093786;4.68145569620253;0.041835443037975;0.254737523544427;4.68164262196521;4.68856788856713
8;93.818;18306.208;17.05668;458.795586591848;4.6803164556962;0.0496835443037984;0.255239829539751;4.68058015421542;4.68753431460707
8;93.832;18306.222;17.82276;479.055522457839;4.68170886075949;0.0526582278481023;0.25450523962458;4.68200499208128;4.68891710983148
8;93.848;18306.238;18.61506;501.103623011277;4.6796835443038;0.0565189873417733;0.255258713266821;4.68002483655353;4.6869808492735
8;93.862;18306.252;19.42332;524.344390981207;4.67550632911392;0.0577848101265825;0.255741234412079;4.67586339811865;4.68285191916682
8;93.878;18306.268;20.25552;545.177832909639;4.67721518987342;0.0644303797468364;0.254511157411423;4.67765894505114;4.68457779692726
8;93.892;18306.282;21.10368;567.371319384048;4.67626582278481;0.0699999999999985;0.252297244049799;4.67678971575004;4.68359007009585
8;93.908;18306.298;21.9792;591.609070860447;4.67183544303797;0.0767088607594957;0.252;4.67246515836607;4.6792557801583
8;93.922;18306.312;22.87068;613.807505701882;4.67164556962025;0.0707594936708862;0.253251581965725;4.67218142135953;4.67904002952158
8;93.938;18306.328;23.78838;636.568648394537;4.67044303797468;0.0773417721518967;0.255261925064949;4.67108337762085;4.67805286108159
8;93.952;18306.342;24.72432;658.204514379439;4.67132911392405;0.0793037974683557;0.257488068612087;4.67200222419546;4.67909231458036
8;93.968;18306.358;25.67964;682.438771392415;4.66810126582278;0.0756329113924057;0.25850301680421;4.66871393054468;4.67586500820531
8;93.982;18306.372;26.65776;705.955497036128;4.66607594936709;0.0849367088607575;0.258250649100962;4.66684893796382;4.67398891820842
8;93.998;18306.388;27.6564;725.967244774404;4.66949367088608;0.0898734177215168;0.260494373753071;4.67035848449111;4.67761752310031
8;94.012;18306.402;28.68126;751.066983484469;4.66537974683544;0.088164556962024;0.262186621568645;4.66621272246419;4.67357282983974
8;94.028;18306.418;29.7198;771.762596319467;4.66778481012658;0.0854430379746862;0.26325796837944;4.66856675505307;4.67598335158521
8;94.042;18306.432;30.78228;795.237793441118;4.66613924050633;0.0821518987341765;0.263886897946893;4.66686236632907;4.6743171310007
8;94.058;18306.448;31.86414;817.968236667042;4.66518987341772;0.089240506329114;0.264083239810168;4.66604333702647;4.67351049860357
8;94.075;18306.465;32.96994;840.250992802222;4.66512658227848;0.0870886075949358;0.264440443106914;4.66593939676183;4.67342692274146
8;94.091;18306.481;34.0917;862.23464564118;4.66506329113924;0.0835443037974688;0.266566940862318;4.66581130791119;4.67341985006618
8;94.103;18306.493;35.2374;885.248392247474;4.66316455696203;0.0922784810126593;0.268952919316549;4.66407750829302;4.67182562561722
8;94.117;18306.507;36.4059;905.704429922716;4.6646835443038;0.0930379746835452;0.271476153256955;4.66561128183991;4.67350274794175
8;94.133;18306.523;37.59606;928.235818176232;4.66348101265823;0.0967088607594935;0.272120292609134;4.66448365407932;4.67241449497183
8;94.147;18306.537;38.80446;952.265473821566;4.66196202531646;0.094240506329113;0.257905861967249;4.66291445327125;4.67004139512306
8;94.163;18306.553;40.03794;974.115420637155;4.66227848101266;0.0974683544303794;0.248913835584864;4.66329719347042;4.66993563255155
8;94.177;18306.567;41.28852;996.506481578053;4.66196202531646;0.0964556962025309;0.238494199917087;4.66295974964642;4.66905484120895
8;94.193;18306.583;42.5619;1017.45171747637;4.66316455696203;0.0978481012658214;0.226516619143001;4.66419102698723;4.66968818177147
8;94.207;18306.597;43.85352;1039.38950475986;4.66246835443038;0.0982278481012688;0.220922403757945;4.66350296088759;4.6687328660665
8;94.223;18306.613;45.16566;1059.89565708908;4.66335443037975;0.0941772151898732;0.214615963422822;4.66430529566873;4.66924018475803
8;94.237;18306.627;44.71764;1053.6884328001;4.66329113924051;0.0904430379746834;0.205862663510524;4.66416811365511;4.66870898950285
8;94.253;18306.643;43.41006;1032.89276835233;4.66208860759494;0.0874683544303814;0.221615330438702;4.6629090595993;4.66817247461774
8;94.267;18306.657;42.12528;1011.44478088437;4.66253164556962;0.088354430379745;0.222034360512344;4.6633687234987;4.66865152999814
8;94.283;18306.673;40.85988;992.137910379513;4.66025316455696;0.0928481012658224;0.221225384778906;4.66117799785332;4.66642486262689
8;94.297;18306.687;39.615;969.028990378044;4.66246835443038;0.0894936708860747;0.219761555646156;4.66332716771978;4.66850248093898
8;94.313;18306.703;38.3952;947.928637209209;4.66183544303797;0.0876582278481006;0.222431479721616;4.6626595053547;4.66796202063017
8;94.327;18306.717;37.18908;926.692188078556;4.66094936708861;0.0894936708860783;0.224111621693676;4.66180846021073;4.66719231858625
8;94.343;18306.733;36.01032;906.12198452871;4.65936708860759;0.0863924050632914;0.225114954641744;4.66016794912503;4.66560200369208
8;94.357;18306.747;34.8498;881.861268469417;4.66215189873418;0.0852531645569634;0.226279571736505;4.66293131291226;4.66841845527186
8;94.373;18306.763;33.7098;860.919498749536;4.66025316455696;0.0898101265822806;0.228178513468081;4.66111847270587;4.66670021006368
8;94.387;18306.777;32.58918;839.007530520098;4.6593670886076;0.0879113924050614;0.232817927847629;4.66019635630455;4.66600838692361
8;94.403;18306.793;31.49364;816.549405393762;4.65867088607595;0.0950632911392422;0.239752712460643;4.65964070010703;4.66580462698838
8;94.417;18306.807;30.41862;792.865381700631;4.65993670886076;0.0890506329113911;0.247804512194075;4.66078750275208;4.66737048262442
8;94.433;18306.823;29.3607;768.901712686434;4.66088607594937;0.090886075949367;0.259205973392792;4.66177211924609;4.66897280227918
8;94.447;18306.837;28.329;745.570445233589;4.66215189873418;0.0915822784810114;0.25975254364619;4.66305132296466;4.67028040106085
8;94.463;18306.853;27.31668;721.813335500418;4.66430379746835;0.0882278481012637;0.259232250534511;4.66513816175452;4.67233511511915
8;94.477;18306.867;26.32488;699.67023156267;4.66411392405063;0.086962025316458;0.255998047227458;4.66492455355605;4.67194350250026
8;94.493;18306.883;25.35132;677.882557914167;4.66335443037975;0.0813924050632906;0.252491796714797;4.66406467225149;4.67089406584571
8;94.507;18306.897;24.40284;655.240348244564;4.66386075949367;0.0747468354430367;0.252774239908387;4.66445969790217;4.67130378906306
8;94.523;18306.913;23.47374;631.09733981581;4.66670886075949;0.0779746835443031;0.254164195799843;4.66736024347436;4.67427546051702
8;94.537;18306.927;22.5663;609.643221529129;4.66550632911392;0.0744303797468362;0.251795375760435;4.66609999768879;4.67288883878973
8;94.553;18306.943;21.67938;587.354957310984;4.66613924050633;0.0766455696202542;0.245673083827275;4.66676868455416;4.67323070468949
8;94.567;18306.957;20.81526;564.271086901797;4.66784810126582;0.0807594936708842;0.248260299366811;4.66854666810871;4.67514290354323
8;94.583;18306.973;19.96596;541.904807436239;4.66816455696202;0.0774683544303816;0.253642520127215;4.66880730774088;4.67569205624484
8;94.597;18306.987;19.1463;519.903804518779;4.66860759493671;0.0791139240506329;0.257519926644148;4.6692778765543;4.6763738517251
8;94.613;18307.003;18.34374;497.813194126577;4.66962025316456;0.0781012658227844;0.26144996514612;4.67027334494328;4.6775858304004
8;94.627;18307.017;17.5617;476.192375205662;4.67012658227848;0.0826582278480998;0.263989499087999;4.67085802365423;4.67831220984276
8;94.643;18307.033;16.80018;455.188609513887;4.67018987341772;0.0790506329113914;0.265013024536716;4.67085885639217;4.67837090871505
8;94.657;18307.047;16.06032;434.029785938496;4.67145569620253;0.083544303797467;0.263444978614901;4.67220268955448;4.67962404783093
8;94.673;18307.063;15.34212;414.584009063883;4.66993670886076;0.0808227848101275;0.25571520823694;4.67063605810919;4.67763096610168
8;94.687;18307.077;14.64444;393.828975767354;4.67278481012658;0.0817088607594947;0.246985239874399;4.67349914086612;4.68002093247371
8;94.703;18307.093;13.96614;374.427217610948;4.6726582278481;0.0840506329113939;0.2391289021407;4.67341410781982;4.67952797352557
8;94.717;18307.107;13.3095;355.084444646929;4.67354430379747;0.0805696202531632;0.2336486236159;4.67423874264735;4.68007473258527
8;94.732;18307.122;12.67794;336.199000007428;4.67411392405063;0.0813291139240508;0.2345;4.67482142972068;4.68069926931604
8;94.748;18307.138;12.0612;317.409572119429;4.67582278481013;0.0781012658227844;0.231772430094455;4.67647501037616;4.68221496537959
8;94.762;18307.152;11.47182;300.178347316939;4.67411392405063;0.0824683544303788;0.230621149647191;4.6748413881635;4.68052647884306
8;94.778;18307.168;10.90182;282.355660788275;4.67645569620253;0.0802531645569626;0.230388524068521;4.67714426215041;4.68281510642786
8;94.792;18307.182;10.3512;265.929522408036;4.67512658227848;0.0755696202531642;0.233657676407389;4.67573730312473;4.68157187679269
8;94.808;18307.198;9.82224;249.16347291151;4.67727848101266;0.0791139240506329;0.239372957979666;4.67794752021897;4.68406793449185
8;94.822;18307.212;9.31152;233.164070976526;4.67955696202532;0.0748101265822783;0.236338007095312;4.68015490297905;4.68611839046739
8;94.838;18307.228;8.8293;218.508566180056;4.67943037974683;0.0769620253164565;0.232859396466839;4.68006322951287;4.68585267915684
8;94.852;18307.242;8.35962;203.872300106667;4.68082278481013;0.0808860759493655;0.232491003746336;4.68152160094131;4.68729096247535
8;94.868;18307.258;7.91502;189.897474389581;4.68284810126582;0.0787341772151908;0.236706349084682;4.68350994556334;4.68948774450768
8;94.882;18307.272;7.49208;177.062665418479;4.6826582278481;0.0753164556962034;0.238278466363069;4.6832638882869;4.68932162203282
8;94.898;18307.288;7.08624;164.320429380636;4.68550632911392;0.0760126582278495;0.238416980558413;4.68612286270617;4.69218394151339
8;94.912;18307.302;6.7032;153.042261588567;4.68392405063291;0.0740506329113941;0.236243422741546;4.68450936687419;4.6904625532159
8;94.928;18307.318;6.34296;142.000952236888;4.68575949367088;0.0727215189873416;0.235752933877471;4.68632376728824;4.69224998243726
8;94.942;18307.332;6.00552;131.899153400093;4.68645569620253;0.0699999999999985;0.233821920836273;4.68697845018186;4.69280722842231
8;94.958;18307.348;5.68632;122.169435449007;4.68898734177215;0.072278481012658;0.2345739514845;4.68954437766794;4.69540748059548
8;94.972;18307.362;5.38764;113.210444325036;4.69101265822785;0.079493670886075;0.23436399733599;4.69168615780775;4.69753610806901
8;94.988;18307.378;5.11176;105.257952605481;4.69088607594937;0.0799367088607585;0.233715616235561;4.69156712143812;4.69738491548558
8;95.002;18307.392;4.85526;97.7926375611333;4.69253164556962;0.0797468354430375;0.231;4.6932092221033;4.69889069913692
8;95.018;18307.408;4.62042;91.0179511279826;4.69386075949367;0.0820886075949367;0.233691444487469;4.69457850813163;4.70039137309203
8;95.032;18307.422;4.40382;84.6048991942692;4.69829113924051;0.0715822784810118;0.239605926683213;4.69883641465186;4.70494151416998
8;95.048;18307.438;4.21344;79.5125729646784;4.69607594936709;0.0686075949367098;0.244720367093244;4.69657708595388;4.70294847753803
8;95.062;18307.452;4.0413;74.7116202488842;4.69759493670886;0.07481012658228;0.244507582896026;4.69819058196153;4.70454872464147
8;95.078;18307.468;3.89196;70.4729935290639;4.70120253164557;0.0713291139240511;0.243003761538816;4.70174362189644;4.70801910724308
8;95.092;18307.482;3.762;67.092988352075;4.70006329113924;0.0670253164556947;0.245265340236479;4.70054117456284;4.7069355658307
8;95.108;18307.498;3.65256;64.2035823769722;4.69987341772152;0.0656329113924023;0.250012502594489;4.7003316714529;4.70697610713256
8;95.122;18307.512;3.56706;61.8090339571266;4.70253164556962;0.068417721518987;0.251178673131108;4.70302932823107;4.70973200809106
8;95.138;18307.528;3.4998;60.0911070765387;4.70278481012658;0.0575316455696218;0.247231927207756;4.70313670443453;4.70963039807054
8;95.152;18307.542;3.45306;58.7626988594631;4.70525316455696;0.0618354430379764;0.244100673189487;4.70565946117959;4.71198642859257
8;95.168;18307.558;3.42798;58.0164758989336;4.70715189873418;0.061012658227849;0.244512500026875;4.70754729580286;4.71389307312864
8;95.182;18307.572;3.4257;58.0253572013406;4.70588607594937;0.0574683544303802;0.245859577446763;4.70623696508953;4.71265459198925
8;95.198;18307.588;3.4257;58.0488627128605;4.7053164556962;0.050316455696203;0.249016012749671;4.70558547833947;4.71216974106038
8;95.212;18307.602;3.42342;57.7835506207219;4.70873417721519;0.0575949367088597;0.251620122915986;4.70908640060988;4.71580400511569
8;95.227;18307.617;5.70342;120.456015170173;4.70594936708861;0.0565822784810113;0.268265837900121;4.70628951508933;4.71392909997849
8;95.243;18307.633;5.7057;120.436300398011;4.70569620253165;0.0442405063291123;0.280875432378016;4.70590416104291;4.71427884001727
0;95.788;18308.178;5.7057;121.150707491369;4.69816455696203;0.0279746835443042;0.293950522077419;4.69824784225072;4.70743451326125
0;96.388;18308.778;5.70342;120.796109144938;4.69924050632912;0.00594936708860772;0.309025276186879;4.69924427235838;4.7093941598273
0;96.988;18309.378;5.70114;121.223850961314;4.69740506329114;0.0105696202531647;0.284831454842697;4.69741695461511;4.70604451776365
0;97.588;18309.978;5.70342;121.164803855491;4.69841772151899;0.021012658227848;0.285251482120247;4.69846470857124;4.70711578631132
0;98.187;18310.577;5.7;121.404300931199;4.69556962025316;0.000126582278479503;0.284403891897941;4.69556962195935;4.70417470428068
0;98.787;18311.177;5.70456;121.013094663593;4.70050632911392;0.00392405063291079;0.28167537764169;4.70050796704074;4.70894002580018
0;102.898;18315.288;5.70342;121.192292093124;4.69753164556962;0.0851265822784804;0.279511891363125;4.6983028953164;4.70660992579073
0;103.499;18315.889;5.70456;121.191133577242;4.69784810126582;0.092911392405064;0.2769056477077;4.69876678602009;4.70691895480876
0;104.098;18316.488;5.70342;120.960326743275;4.69981012658228;0.0963924050632912;0.273708679021761;4.70079851957933;4.7087602575042
0;104.698;18317.088;5.70342;120.515008317833;4.7023417721519;0.138101265822785;0.270598827167486;4.70436925652595;4.71214535291632
0;105.299;18317.689;5.70114;120.912613404669;4.69626582278481;0.176898734177216;0.267760247175192;4.69959634866764;4.70721800965045
0;105.899;18318.289;3.42342;58.1938652944073;4.69879746835443;0.100506329113923;0.265040149878952;4.69987225047724;4.70733953012249
9;105.975;18318.365;3.4257;57.8220683546152;4.7076582278481;0.0781012658227844;0.261871476478066;4.70830604336093;4.71558294043715
9;105.989;18318.379;3.42342;57.6849645715042;4.70905063291139;0.0754430379746847;0.263304794122732;4.70965492528933;4.7170095325227
9;106.005;18318.395;3.43368;57.9301143723244;4.71069620253165;0.0703164556962008;0.249830508754201;4.71122097937337;4.71784043812337
9;106.019;18318.409;3.46902;58.8101304178107;4.71221518987342;0.0705696202531652;0.23619052106047;4.71274358171293;4.71865849889725
9;106.035;18318.425;3.52032;60.0883040826982;4.7129746835443;0.0806329113924047;0.230594856408682;4.71366439557688;4.7193014336797
9;106.049;18318.439;3.59556;61.8403960236885;4.71639240506329;0.0813291139240491;0.226217878162062;4.71709356948856;4.72251482493285
9;106.065;18318.455;3.68676;64.4196044230453;4.71259493670886;0.0793670886075972;0.227384188262272;4.71326321907105;4.71874493285235
9;106.079;18318.469;3.79962;67.2412312643135;4.71455696202531;0.0781012658227862;0.227747368407683;4.71520382973043;4.7207007975216
9;106.095;18318.485;3.9387;70.9602568730659;4.71360759493671;0.0797468354430393;0.227699686223915;4.71428214225753;4.71977788290028
9;106.109;18318.499;4.09602;75.2798876781757;4.71183544303797;0.0751898734177203;0.227788102812511;4.71243533211157;4.71793749207388
9;106.125;18318.515;4.27614;80.1218406531991;4.71177215189874;0.0781645569620242;0.229724386505041;4.71242045125151;4.71801651153624
9;106.139;18318.529;4.47792;85.9215611624474;4.70759493670886;0.0899999999999999;0.230808423763416;4.70845517002413;4.71410888892133
9;106.155;18318.545;4.69452;91.8615702400037;4.70835443037975;0.0856962025316452;0.230541918469788;4.70913423903003;4.71477410459681
9;106.169;18318.559;4.93962;98.7390166024733;4.70810126582278;0.0834177215189875;0.231;4.70884020173816;4.71450284181752
9;106.185;18318.575;5.20296;106.364517770104;4.70594936708861;0.0862025316455703;0.233492055490377;4.70673882025164;4.71252680226234
9;106.199;18318.589;5.48796;114.677892380567;4.70411392405063;0.0922784810126576;0.2345;4.7050189296649;4.71085909134471
9;106.215;18318.605;5.79462;123.514145197326;4.70443037974684;0.0902531645569624;0.234001480820632;4.70529604080312;4.71111107114062
9;106.229;18318.619;6.11724;133.183247405636;4.70189873417721;0.0987974683544302;0.234210991647388;4.70293659814913;4.70876495854476
9;106.245;18318.635;6.46494;143.757623777048;4.69905063291139;0.106645569620254;0.232717780431363;4.70026064470733;4.7060182419444
9;106.259;18318.649;6.83544;154.971180913684;4.69740506329114;0.106202531645568;0.233177634151995;4.69860546400325;4.70438785767393
9;106.275;18318.665;7.21962;166.45383038569;4.69708860759494;0.10867088607595;0.234048208518623;4.69834553317215;4.7041714799728
9;106.289;18318.679;7.6323;179.118490209927;4.6946835443038;0.119113924050634;0.235303279745815;4.69619438567651;4.70208563740802
9;106.305;18318.695;8.06208;191.880290879355;4.69512658227848;0.126772151898734;0.236951959565031;4.69683774492105;4.70281097145705
9;106.319;18318.709;8.51352;206.004393177325;4.69246835443038;0.12120253164557;0.237254724179391;4.69403337344419;4.70002543771343
9;106.335;18318.725;8.98776;220.326587180182;4.69189873417722;0.130569620253164;0.238;4.69371517643613;4.69974532900526
9;106.349;18318.739;9.48138;235.767212061549;4.68917721518987;0.127468354430381;0.240667087257089;4.69090941469104;4.69707906935
9;106.365;18318.755;10.00236;251.90034563491;4.68740506329114;0.126202531645571;0.239980534288723;4.68910367835487;4.69524056499756
9;106.379;18318.769;10.53588;267.727747617138;4.68829113924051;0.128291139240506;0.23920283991907;4.69004610027329;4.69614207848464
9;106.395;18318.785;11.09562;285.07666237415;4.68594936708861;0.130569620253164;0.238057867427514;4.68776811464168;4.69380884196356
9;106.409;18318.799;11.67132;302.411961081355;4.6846835443038;0.136202531645568;0.242106485840698;4.68666310288007;4.69291237829811
9;106.425;18318.815;12.27552;320.90728217226;4.6823417721519;0.139177215189875;0.243521529505511;4.6844097566787;4.69073528391864
9;106.439;18318.829;12.89226;338.768906043863;4.68329113924051;0.137405063291139;0.244765868196131;4.68530639833797;4.69169546928831
9;106.455;18318.845;13.53636;358.500248432857;4.68082278481013;0.131455696202531;0.242545815304433;4.68266831441879;4.68894561872746
9;106.469;18318.859;14.19642;377.583054096118;4.68082278481013;0.135506329113925;0.240991707981114;4.68278377762924;4.68898079664901
9;106.485;18318.875;14.88156;397.58326834426;4.68012658227848;0.130632911392405;0.239264928003341;4.68194935723236;4.68805903220735
9;106.499;18318.889;15.5838;418.801829697032;4.67626582278481;0.133291139240507;0.241199163410272;4.67816508613637;4.68437889261481
9;106.515;18318.905;16.3077;439.946546630294;4.67398734177215;0.13613924050633;0.241152783808862;4.67596958542845;4.68218391661313
9;106.529;18318.919;17.0544;460.538206918607;4.67424050632911;0.134620253164556;0.242087338417018;4.67617866677161;4.68244094495508
9;106.545;18318.935;17.82276;481.623096448947;4.67411392405063;0.134873417721519;0.240886901850376;4.67605943223692;4.68225995789373
9;106.559;18318.949;18.61392;503.651538362731;4.67240506329114;0.134556962025316;0.241768082189791;4.67434216243293;4.68059039620686
9;106.575;18318.965;19.42446;526.700438473269;4.66905063291139;0.137658227848101;0.240438586344019;4.67107948983793;4.67726354978931
9;106.589;18318.979;20.25324;548.947912019103;4.66746835443038;0.140379746835441;0.243556979627955;4.66957892244372;4.67592635904974
9;106.605;18318.995;21.10596;571.755353968249;4.66556962025316;0.141962025316454;0.244835890117713;4.66772890151744;4.67414566644547
9;106.619;18319.009;21.9792;593.571196932307;4.66626582278481;0.139620253164559;0.24455500611031;4.66835415794296;4.67475536204805
9;106.635;18319.025;22.87182;616.359561083169;4.66563291139241;0.140379746835444;0.238485872922401;4.66774430932003;4.67383273649936
9;106.649;18319.039;23.78838;638.564723887126;4.66607594936709;0.14120253164557;0.23592402872243;4.66821196179063;4.67416977307561
9;106.665;18319.055;24.72318;661.179549557588;4.66537974683544;0.143860759493672;0.237024211604848;4.66759725129584;4.67361151329369
9;106.679;18319.069;25.6785;683.800669520695;4.66449367088607;0.149430379746835;0.239257162671579;4.6668866114496;4.67301558247104
9;106.695;18319.085;26.66118;705.780475011257;4.66506329113924;0.151645569620253;0.241990854928125;4.66752738493523;4.67379625818126
9;106.709;18319.099;27.65868;729.777336672319;4.66240506329114;0.153924050632911;0.242489696745506;4.66494518591227;4.67124339342255
9;106.725;18319.115;28.67556;751.24272258068;4.66392405063291;0.153544303797467;0.241519601711062;4.66645083583881;4.67269677181298
9;106.739;18319.129;29.7198;775.477518295758;4.66196202531646;0.147088607594938;0.238491490601746;4.66428182938991;4.67037505721611
9;106.755;18319.145;30.78114;798.279618828566;4.66126582278481;0.14639240506329;0.239963499414254;4.66356406699018;4.66973364207993
9;106.769;18319.159;31.86414;820.462662685288;4.66069620253165;0.146139240506329;0.248653921277358;4.66298678637509;4.66961181924957
9;106.788;18319.178;32.96538;841.957402579207;4.6606329113924;0.142468354430381;0.26123872663832;4.66280992179267;4.670122272389
9;106.805;18319.195;34.09626;862.743005198569;4.66101265822785;0.147215189873418;0.274082189029662;4.66333692888362;4.67138441563451
9;106.817;18319.207;35.24082;885.021394997252;4.66;0.14379746835443;0.281374525950578;4.66221811071781;4.670701161042
9;106.829;18319.219;36.40818;907.163075466094;4.65886075949367;0.142531645569621;0.289237283634227;4.6610405325784;4.67000610840959
9;106.845;18319.235;37.5972;929.277871183444;4.65955696202532;0.141455696202533;0.278686618571701;4.66170363669193;4.67002644828888
9;106.859;18319.249;38.8056;953.232180746694;4.6576582278481;0.140000000000001;0.269727942162424;4.65976181445373;4.66756181857555
9;106.875;18319.265;40.03908;976.127546144429;4.65715189873418;0.140379746835444;0.258190462538602;4.65926713992715;4.66641539044166
9;106.889;18319.279;41.28852;999.776823028468;4.65449367088608;0.14006329113924;0.257743726283787;4.65660059032802;4.66372821745457
9;106.905;18319.295;42.55962;1020.33549889333;4.65512658227848;0.141392405063291;0.257507471160402;4.65727337712157;4.66438692723371
9;106.919;18319.309;43.85238;1041.90302976687;4.65462025316456;0.136202531645569;0.258761974841974;4.65661259187366;4.66379658544629
9;106.935;18319.325;45.16566;1063.73633223096;4.65329113924051;0.135253164556962;0.261242244619975;4.65525636727526;4.66258076127706
9;106.949;18319.339;44.71308;1054.47843824334;4.6553164556962;0.136202531645569;0.263948312717148;4.65730849657852;4.66478200391923
9;106.965;18319.355;43.40778;1035.298112538;4.65354430379747;0.134746835443039;0.26425;4.65549474245947;4.66298824355882
9;106.979;18319.369;42.12528;1013.46144001229;4.65430379746835;0.139620253164559;0.263495415129714;4.65639749744608;4.6638468551204
9;106.995;18319.385;40.85988;990.961748831795;4.65607594936709;0.135886075949367;0.262204058284321;4.65805842298179;4.66543237439922
9;107.009;18319.399;39.61614;970.752643369463;4.655;0.135;0.259452273149882;4.65695716106558;4.66417897191377
9;107.025;18319.415;38.39406;949.911730246106;4.65392405063291;0.136835443037976;0.260546169725776;4.65593524520379;4.66321962962175
9;107.039;18319.429;37.19022;926.634970069016;4.65525316455696;0.139367088607596;0.264318368138994;4.6573388551301;4.66483326724978
9;107.055;18319.445;36.01032;904.000945165628;4.65601265822785;0.139873417721518;0.266311704794341;4.65811318524604;4.66571970554099
9;107.069;18319.459;34.85094;880.042565027543;4.65854430379747;0.142784810126583;0.265056726021049;4.66073197389066;4.66826280327658
9;107.085;18319.475;33.70752;858.996695837101;4.65721518987342;0.141835443037975;0.263993666700394;4.65937448781373;4.66684725202651
9;107.099;18319.489;32.59032;835.181672607024;4.65949367088608;0.141329113924051;0.263495196429819;4.66163653532426;4.66907752195351
9;107.115;18319.505;31.49364;813.64258054768;4.65886075949367;0.136645569620253;0.261999670037956;4.6608642533383;4.66822229710055
9;107.129;18319.519;30.41634;790.425443631947;4.65993670886076;0.140822784810126;0.26075;4.66206404796306;4.66935024921131
9;107.145;18319.535;29.3607;768.76629185573;4.65892405063291;0.141392405063293;0.259;4.66106909643865;4.66825943171279
9;107.159;18319.549;28.329;746.145657477304;4.65905063291139;0.146265822784809;0.257745598808718;4.6613459956269;4.66846648104624
9;107.175;18319.565;27.3144;724.864531431878;4.65759493670886;0.140569620253165;0.255212089215926;4.65971570083349;4.66669943569072
9;107.189;18319.579;26.32146;702.102907075179;4.65816455696202;0.141012658227849;0.251754381042295;4.66029844639994;4.66709351501464
9;107.205;18319.595;25.35246;678.653328880991;4.66;0.141455696202533;0.2485;4.66214647067079;4.6687645008062
9;107.219;18319.609;24.40284;656.023977925828;4.66006329113924;0.141962025316454;0.250036750612887;4.66222512262712;4.66892508728856
9;107.235;18319.625;23.47374;633.582156530189;4.65873417721519;0.147848101265824;0.260556670790156;4.66107961689143;4.66835656025694
9;107.249;18319.639;22.5663;609.190387307888;4.66101265822785;0.145443037974685;0.276720018166646;4.66328132085718;4.67148441567663
9;107.265;18319.655;21.6828;586.855573257865;4.66170886075949;0.146265822784809;0.273586265498177;4.66400291524335;4.67202018810575
9;107.279;18319.669;20.81298;563.525796444696;4.6646835443038;0.146582278481013;0.266840711286444;4.66698606520989;4.6746083149354
9;107.295;18319.685;19.96596;543.235311025476;4.66158227848101;0.15487341772152;0.258931784550883;4.66415427645409;4.67133608121014
9;107.309;18319.699;19.14402;522.164422891847;4.66259493670886;0.155443037974683;0.232154302832168;4.66518532127909;4.67095811394208
9;107.325;18319.715;18.33918;499.523425990395;4.66462025316456;0.159113924050633;0.232159060095937;4.6673332157732;4.6731035914309
9;107.339;18319.729;17.56056;477.877228344431;4.6656329113924;0.159746835443038;0.231365944580233;4.66836690024488;4.67409667375564
9;107.355;18319.745;16.7979;456.133252351107;4.66708860759494;0.164999999999999;0.229488561451719;4.67000439733652;4.67563964297717
9;107.369;18319.759;16.06146;436.681695332573;4.66398734177215;0.16879746835443;0.227990029192679;4.66704087292298;4.67260633511374
9;107.385;18319.775;15.34098;415.218022853047;4.66651898734177;0.170696202531646;0.227237931446713;4.66963988469989;4.6751656366666
9;107.399;18319.789;14.64444;395.484294277352;4.66556962025317;0.173924050632912;0.226516896604507;4.66881028280416;4.67430201861895
9;107.415;18319.805;13.96842;376.047367878788;4.6653164556962;0.169240506329114;0.224874252103566;4.66838515771485;4.67379807116562
9;107.429;18319.819;13.31406;355.589563755027;4.66879746835443;0.170886075949369;0.226855637961929;4.67192378485203;4.67742828185972
9;107.445;18319.835;12.68136;337.745443296748;4.66613924050633;0.165506329113922;0.227728711797186;4.66907354373111;4.67462384828411
9;107.459;18319.849;12.06576;318.821698794013;4.66759493670886;0.167278481012659;0.22935471540166;4.67059145969759;4.67621943121546
9;107.475;18319.865;11.47182;300.496256859351;4.66936708860759;0.166392405063291;0.227771838703184;4.67233083595699;4.6778793754372
9;107.489;18319.879;10.90182;283.051199326333;4.67044303797468;0.159683544303796;0.228305676718576;4.67317204961337;4.67874561045047
9;107.505;18319.895;10.35006;266.203983877654;4.67006329113924;0.169177215189874;0.228989301289102;4.67312658435289;4.67873360787837
9;107.519;18319.909;9.81996;250.027900504034;4.67018987341772;0.164810126582278;0.22974541262561;4.67309702783898;4.67874115400927
9;107.535;18319.925;9.3138;233.946022722414;4.67272151898734;0.168354430379747;0.228748941201844;4.6757533733331;4.6813454995692
9;107.549;18319.939;8.82474;218.874687818142;4.67322784810126;0.168481012658228;0.227995956235918;4.67626393308756;4.68181872010819
9;107.565;18319.955;8.3619;205.247153567323;4.6706329113924;0.160632911392407;0.229418764402915;4.67339434728167;4.67902208743071
9;107.579;18319.969;7.9173;191.400770041167;4.67139240506329;0.165379746835443;0.230111555654247;4.67431893036262;4.67997957162122
9;107.595;18319.985;7.4898;178.118633906582;4.67253164556962;0.166582278481012;0.229414921528504;4.67550014804336;4.68112516822328
9;107.609;18319.999;7.08738;165.499206687487;4.67481012658228;0.167278481012659;0.228484733862833;4.67780202764142;4.68337881058264
9;107.625;18320.015;6.70548;153.858853577368;4.67563291139241;0.160000000000002;0.228954171413751;4.67836970771826;4.6839687375882
9;107.639;18320.029;6.34296;142.681508765778;4.67772151898734;0.157594936708861;0.22799554948965;4.6803754949014;4.68592538820889
9;107.655;18320.045;6.00552;132.994954417184;4.67462025316456;0.157721518987342;0.22575;4.67728025553825;4.68272502410167
9;107.669;18320.059;5.6829;122.947250691666;4.67930379746835;0.146708860759492;0.223023406875089;4.68160309283338;4.68691230543535
9;107.685;18320.075;5.38536;113.666703477117;4.6843670886076;0.146518987341771;0.221917364087104;4.68665796004804;4.69190900923761
9;107.699;18320.089;5.1072;105.849080322747;4.68126582278481;0.154999999999999;0.223033969661291;4.68383119930396;4.68913839155937
9;107.715;18320.105;4.85526;98.5347032582483;4.68189873417722;0.154493670886076;0.223809324285582;4.68444703795806;4.68979047133998
9;107.729;18320.119;4.61814;91.5693627570467;4.68449367088608;0.151898734177216;0.224489220549341;4.68695574739258;4.69232880222169
9;107.745;18320.135;4.40496;85.3441132705187;4.6879746835443;0.14272151898734;0.224092907040406;4.69014669978822;4.69549717245364
9;107.759;18320.149;4.20888;79.8757531132904;4.6873417721519;0.16120253164557;0.22579063846588;4.690112913904;4.69554475621177
9;107.775;18320.165;4.0413;75.2743017659439;4.68784810126582;0.155822784810125;0.225889175397523;4.69043713962863;4.69587334586117
9;107.789;18320.179;3.89196;71.0235990835743;4.69126582278481;0.153354430379746;0.223589389711445;4.69377168185096;4.69909404210402
9;107.805;18320.195;3.762;67.4420654826359;4.69348101265823;0.149936708860759;0.219579601467226;4.69587532126304;4.70100630016891
9;107.819;18320.209;3.65256;64.6029332233372;4.6926582278481;0.150949367088609;0.218318236323844;4.69508540442183;4.70015848744768
9;107.835;18320.225;3.56592;62.1507473732889;4.69550632911392;0.14898734177215;0.22225;4.69786940162849;4.70312364043911
9;107.849;18320.239;3.49638;60.3523374730528;4.69525316455696;0.148164556962026;0.224227837645688;4.69759034135821;4.70293877680724
9;107.865;18320.255;3.4542;59.2088339532205;4.69645569620253;0.142911392405063;0.224498014274515;4.69862956323143;4.70398970352674
9;107.879;18320.269;3.42798;58.4011300547121;4.69930379746835;0.135506329113925;0.22349895067175;4.70125708147623;4.70656668146557
9;107.895;18320.285;3.42456;58.2546439210023;4.7003164556962;0.139430379746836;0.221750045497949;4.70238403519798;4.70760965853831
9;107.909;18320.299;3.42456;58.2847740935061;4.69987341772152;0.140506329113924;0.219750361902897;4.70197322101332;4.70710552172807
9;107.925;18320.315;3.42342;58.2951322683174;4.69905063291139;0.141772151898735;0.220274730628696;4.70118880643173;4.70634647584222
9;107.939;18320.329;5.70342;121.243727481089;4.69993670886076;0.142278481012656;0.221838924795057;4.70208977301117;4.70731991073588
9;107.955;18320.345;5.7057;120.903136528272;4.70272151898734;0.126455696202532;0.241127901058673;4.7044214020694;4.71059692532885
0;108.499;18320.889;5.70456;122.521929093336;4.68708860759494;0.118924050632913;0.256020477036647;4.68859707644677;4.69558186276496
0;109.099;18321.489;5.70456;121.895038272657;4.69006329113924;0.137974683544304;0.273498326910438;4.69209235716764;4.70005659785218
0;109.699;18322.089;5.70114;120.996670893792;4.69905063291139;0.122911392405065;0.261231006096907;4.70065783279829;4.70791096980331
0;110.299;18322.689;5.70456;121.192185916347;4.70158227848101;0.0727848101265831;0.243293989942965;4.70214563257157;4.70843556985271
0;110.9;18323.29;5.70342;121.213249413725;4.69993670886076;0.0948101265822796;0.24894899898819;4.70089289682284;4.7074801785559
0;111.5;18323.89;5.70342;121.540446431295;4.69708860759494;0.085759493670885;0.25155487478708;4.69787144123302;4.70460157009942
0;115.619;18328.009;5.70456;121.789364959849;4.68664556962025;0.232974683544304;0.252362674004476;4.69243262055128;4.69921385102279
0;116.219;18328.609;5.70456;121.760728010982;4.68556962025317;0.247341772151898;0.253273918509327;4.69209341536277;4.69892416370893
0;116.819;18329.209;5.70342;121.975746781683;4.68183544303797;0.262974683544304;0.254282700395782;4.68921515819778;4.69610460824633
0;117.419;18329.809;5.7057;121.282464926898;4.69322784810126;0.211898734177215;0.251351616191441;4.69800901528926;4.70472808382176
0;118.019;18330.409;5.7;121.872637231686;4.68417721518987;0.241265822784809;0.250628087001085;4.69038648520013;4.69707779566635
0;118.619;18331.009;3.42342;58.8656390354135;4.6793670886076;0.236582278481013;0.255283735254725;4.68534390674102;4.69229339554986
10;118.695;18331.085;3.42114;58.7322669154074;4.68037974683544;0.23493670886076;0.26028899280167;4.68627248799702;4.69349551949626
10;118.709;18331.099;3.42342;58.6065203366597;4.68443037974684;0.234683544303797;0.252634270096383;4.69030535772055;4.69710425933779
10;118.725;18331.115;3.4314;58.5705790169866;4.68879746835443;0.240379746835442;0.247108929783739;4.69495517784095;4.70145370551646
10;118.739;18331.129;3.46674;59.5012733841614;4.68930379746835;0.234177215189872;0.243045632297862;4.69514739630879;4.70143385069324
10;118.755;18331.145;3.5169;60.7778779642192;4.68981012658228;0.235316455696204;0.240101404022113;4.69571004830102;4.70184448295863
10;118.769;18331.159;3.591;62.6611683425338;4.68981012658228;0.239493670886077;0.244252194914251;4.69592123462353;4.70226917312361
10;118.785;18331.175;3.68676;65.1890679484643;4.68981012658228;0.233037974683544;0.246278121422861;4.69559641803235;4.70205047124442
10;118.799;18331.189;3.80076;68.2605592202182;4.68848101265823;0.23993670886076;0.243750162473671;4.69461647318667;4.70094011576638
10;118.815;18331.205;3.9387;72.0578748064028;4.6870253164557;0.24;0.240559360383697;4.69316591621228;4.69932709257026
10;118.829;18331.219;4.09374;76.2829678095343;4.68759493670886;0.226708860759496;0.240702265840784;4.69307396044484;4.69924257503124
10;118.845;18331.235;4.27614;81.2712634693987;4.68670886075949;0.233607594936709;0.243585854473695;4.69252729922093;4.69884523286662
10;118.859;18331.249;4.47792;86.9063209745075;4.68525316455696;0.235696202531646;0.249913651866022;4.69117788150043;4.69783000429644
10;118.875;18331.265;4.69794;93.0370610752631;4.68525316455696;0.235759493670885;0.252788342629409;4.69118106182729;4.69798698391304
10;118.889;18331.279;4.9419;99.9862067735677;4.6846835443038;0.23626582278481;0.252460122976158;4.69063763781503;4.6974266958602
10;118.905;18331.295;5.20182;107.309826957671;4.68607594936709;0.233924050632911;0.251023477105503;4.69191093955343;4.69862118613103
10;118.919;18331.309;5.48568;115.499403759661;4.68632911392405;0.230949367088609;0.250648156713952;4.69201642944383;4.69870648930478
10;118.935;18331.325;5.7912;124.67261571792;4.68354430379747;0.235759493670885;0.249968272455245;4.68947436121466;4.69613180412602
10;118.949;18331.339;6.11724;134.071389953982;4.6853164556962;0.232784810126581;0.24999517617104;4.69109572038807;4.69775229721109
10;118.965;18331.355;6.46836;144.63689793334;4.68335443037975;0.238101265822786;0.251724003483743;4.68940304658749;4.6961543743018
10;118.979;18331.369;6.8343;155.778611910045;4.68253164556962;0.229430379746834;0.25049901892216;4.68814898557114;4.69483659666582
10;118.995;18331.385;7.22076;167.77850700539;4.6796835443038;0.236329113924052;0.245913602262204;4.68564718314513;4.69209580301739
10;119.009;18331.399;7.6323;180.152197186975;4.67962025316456;0.239303797468352;0.246534285485448;4.68573494996363;4.69221601966816
10;119.025;18331.415;8.06094;193.703220829063;4.67607594936709;0.237784810126582;0.250305049816559;4.68211788618957;4.68880374062937
10;119.039;18331.429;8.5158;207.658357881608;4.67512658227848;0.23740506329114;0.252786087571703;4.68115047017324;4.68797083293753
10;119.055;18331.445;8.98776;222.358276806346;4.67360759493671;0.235632911392404;0.251764711324676;4.67954386883822;4.68631158697859
10;119.069;18331.459;9.48252;237.449249012596;4.67278481012658;0.243227848101267;0.250999544047845;4.67911077747062;4.68583807220799
10;119.084;18331.474;9.99894;253.361136104091;4.6723417721519;0.236392405063292;0.250748907910579;4.67831796749293;4.68503297958355
10;119.1;18331.49;10.53474;270.250659236219;4.6696835443038;0.236772151898736;0.249262796701545;4.67568235189864;4.68232179561336
10;119.114;18331.504;11.09448;287.212358133578;4.66955696202532;0.235443037974683;0.249315111987402;4.67548881356055;4.68213131712419
10;119.13;18331.52;11.67132;305.543681532941;4.66569620253165;0.236962025316455;0.249993878316569;4.67170975722597;4.6783938477811
10;119.144;18331.534;12.26982;324.286890674773;4.66329113924051;0.230253164556963;0.251239296474756;4.66897213196947;4.67572689035626
10;119.16;18331.55;12.88998;342.780769398547;4.6632911392405;0.229493670886077;0.250485458643433;4.66893473870601;4.67564910566304
10;119.174;18331.564;13.53294;362.292540463047;4.66208860759494;0.224810126582279;0.249494541542498;4.667505734124;4.67416915658173
10;119.19;18331.58;14.19756;380.901728083784;4.66424050632911;0.227341772151899;0.250008671472786;4.66977770158778;4.67646534447311
10;119.204;18331.594;14.88156;400.678138654783;4.66354430379747;0.232025316455696;0.252238030281259;4.66931271398245;4.67612074746561
10;119.22;18331.61;15.5838;421.520429997258;4.66139240506329;0.229873417721519;0.25424841783375;4.66705698938385;4.67397723573058
10;119.234;18331.624;16.31226;443.615228378761;4.65740506329114;0.229683544303796;0.2555;4.66306513509021;4.67005960391234
10;119.25;18331.64;17.0544;464.191501117377;4.65810126582278;0.22493670886076;0.256244992690773;4.66352912778005;4.67056371564847
10;119.264;18331.654;17.82276;485.825272001862;4.65632911392405;0.232341772151898;0.256502069709619;4.66212221163961;4.66917303470633
10;119.28;18331.67;18.6162;507.476016612181;4.65588607594937;0.234620253164559;0.256247913671583;4.66179384093872;4.66883120370348
10;119.294;18331.684;19.42218;528.97385635036;4.65613924050633;0.232151898734177;0.256502186737629;4.66192311509625;4.66897424525665
10;119.31;18331.7;20.2578;551.36362284748;4.65525316455696;0.230063291139242;0.258234841448148;4.6609345783917;4.66808273034928
10;119.324;18331.714;21.10482;574.99918526012;4.65196202531646;0.226392405063292;0.259920500681107;4.65746757434303;4.66471466144833
10;119.34;18331.73;21.97806;597.543566745039;4.65082278481013;0.232025316455697;0.260492453109316;4.65660695390811;4.66388728865871
10;119.354;18331.744;22.87068;619.908228833303;4.65037974683544;0.235696202531646;0.26075;4.6563488367674;4.66364396713183
10;119.37;18331.76;23.78724;642.296237554367;4.6506329113924;0.234303797468353;0.260977118390924;4.65653140717791;4.66383895544839
10;119.384;18331.774;24.7209;664.69860859214;4.65145569620253;0.227468354430378;0.259284168587472;4.65701427375977;4.66422664823252
10;119.4;18331.79;25.67964;688.986371792617;4.64854430379747;0.23120253164557;0.257042683064372;4.65429035998048;4.66138280941655
10;119.414;18331.804;26.65776;711.889043707789;4.64955696202532;0.229177215189873;0.243214377127745;4.65520162174317;4.66155074758625
10;119.43;18331.82;27.65526;734.8517059389;4.65012658227848;0.22639240506329;0.233021124881994;4.65563430182003;4.66146217370951
10;119.444;18331.834;28.67328;759.053913685637;4.64822784810127;0.23006329113924;0.22300734052814;4.65391783831579;4.65925782928176
10;119.46;18331.85;29.7198;781.390598971986;4.64936708860759;0.222911392405063;0.223732254177216;4.65470770440974;4.66008153738222
10;119.474;18331.864;30.78114;804.384489306852;4.64829113924051;0.21860759493671;0.233021266346191;4.65342882138599;4.6592594589994
10;119.49;18331.88;31.86414;825.264515244545;4.64993670886076;0.215696202531646;0.242239303778385;4.65493676092355;4.66123547232839
10;119.507;18331.897;32.9688;846.997701106967;4.64981012658228;0.211835443037973;0.256210587348061;4.65463301111851;4.6616791323796
10;119.523;18331.913;34.09284;870.553874231527;4.64841772151899;0.207468354430379;0.25605714668601;4.65304528581249;4.66008537413112
10;119.535;18331.925;35.24538;891.002984892005;4.65050632911392;0.21126582278481;0.255682922887422;4.65530260724323;4.66231874951315
10;119.549;18331.939;36.40818;916.112362674654;4.64651898734177;0.211202531645569;0.255476731680983;4.65131650278726;4.65832733602218
10;119.565;18331.955;37.59606;936.154092068339;4.64905063291139;0.207215189873418;0.25615467324378;4.65366628823856;4.6607107976051
10;119.579;18331.969;38.80788;956.942185533422;4.6503164556962;0.208227848101266;0.254361249109138;4.6549760444973;4.6619203789739
10;119.595;18331.985;40.03794;979.879821188508;4.64816455696202;0.207215189873418;0.26043156945982;4.652781091295;4.6600640001918
10;119.609;18331.999;41.28966;1001.78794320527;4.64721518987342;0.205506329113923;0.265504585888625;4.65175685868211;4.65932769371548
10;119.625;18332.015;42.5619;1024.71775485444;4.6453164556962;0.2023417721519;0.26775;4.64972119232105;4.65742388330926
10;119.639;18332.029;43.85352;1045.87394286482;4.64563291139241;0.195379746835442;0.26849522424838;4.64973960484733;4.65748516673214
10;119.655;18332.045;45.17022;1068.66006348412;4.64392405063291;0.190696202531646;0.268790407493778;4.64783773702426;4.65560349609666
10;119.669;18332.059;44.7165;1061.43099923404;4.64405063291139;0.191898734177217;0.267446222244551;4.64801370536098;4.65570176096111
10;119.685;18332.075;43.4112;1039.47331770837;4.64537974683544;0.19132911392405;0.265738725194265;4.64931821046311;4.6569063649822
10;119.699;18332.089;42.123;1018.01960824248;4.64601265822785;0.189113924050632;0.26402026848661;4.64985996527672;4.65734950361844
10;119.715;18332.105;40.85646;997.992284875098;4.64430379746836;0.193734177215191;0.2625;4.64834279013502;4.6557488060032
10;119.729;18332.119;39.61272;976.113798098013;4.64487341772152;0.191455696202532;0.2625;4.64881752172145;4.65622278249918
10;119.745;18332.135;38.39064;953.584621513487;4.64569620253164;0.195443037974684;0.261495282975243;4.64980549994403;4.65715266770674
10;119.759;18332.149;37.18908;931.063513370521;4.64645569620253;0.198481012658227;0.26005005317058;4.65069298590638;4.65795784430396
10;119.775;18332.165;36.00918;909.566494787779;4.64607594936709;0.197721518987342;0.258585226757092;4.65028123088894;4.65746517387462
10;119.789;18332.179;34.8498;885.124652729277;4.64784810126582;0.197215189873418;0.27132461687243;4.65203028833187;4.65993592780825
10;119.805;18332.195;33.70752;861.403300795668;4.64873417721519;0.200316455696202;0.279248706790734;4.65304804755241;4.66141995244749
10;119.819;18332.209;32.58918;838.189692170426;4.64898734177215;0.202088607594936;0.287555850062525;4.6533776022667;4.66225390516031
10;119.835;18332.225;31.49478;816.430457604164;4.64740506329114;0.200886075949366;0.295991383100984;4.65174473050859;4.66115221127615
10;119.849;18332.239;30.41862;795.391655107086;4.64683544303798;0.201075949367088;0.282401912806053;4.65118384630062;4.6597491362137
10;119.865;18332.255;29.3607;772.143206611036;4.64854430379747;0.203354430379747;0.273223777263617;4.6529901320251;4.66100508487012
10;119.879;18332.269;28.329;750.679263187124;4.64784810126582;0.203670886075949;0.263686302475368;4.65230843799885;4.65977513066762
10;119.895;18332.285;27.31668;729.72440842331;4.6476582278481;0.203354430379749;0.238;4.65210490286271;4.65818892137698
10;119.909;18332.299;26.32488;706.451202001083;4.64816455696202;0.203227848101267;0.242485440007384;4.65260521717047;4.65891988506536
10;119.925;18332.315;25.35474;682.354064231657;4.65044303797468;0.202278481012659;0.244173725737374;4.65484017269422;4.66123994680262
10;119.939;18332.329;24.40512;659.122165637434;4.65120253164557;0.205443037974684;0.24492128816398;4.65573751754096;4.66217527229879
10;119.955;18332.345;23.47488;637.544439618263;4.64930379746835;0.208354430379746;0.243866280467045;4.65397006541861;4.66035493632849
10;119.969;18332.359;22.56744;614.254395474206;4.65107594936709;0.207151898734176;0.241454575749084;4.65568678026455;4.66194376929627
10;119.984;18332.374;21.6828;592.455704830657;4.65025316455696;0.206708860759495;0.239951678782861;4.65484511531678;4.66102562272932
10;120;18332.39;20.81412;569.602485056401;4.65132911392405;0.206392405063291;0.239423631622398;4.65590596456858;4.66205791751717
10;120.014;18332.404;19.96938;546.763733383473;4.65278481012658;0.208354430379746;0.238410244389694;4.65744759047308;4.66354559349788
10;120.03;18332.42;19.14402;524.719419592316;4.6529746835443;0.208417721518988;0.238795659960959;4.65764010549843;4.66375757512798
10;120.044;18332.434;18.34032;502.552005906991;4.65417721518987;0.206392405063291;0.238434828346709;4.65875126780346;4.66484882312697
10;120.06;18332.45;17.56056;481.747973800035;4.65278481012658;0.209620253164557;0.23625;4.65750438967924;4.66349238257997
10;120.074;18332.464;16.80132;461.69772206775;4.65;0.210632911392404;0.236670337721949;4.65476811703458;4.66078095088356
10;120.09;18332.48;16.05918;438.892497501033;4.65424050632911;0.211962025316454;0.238671983583204;4.65906456179037;4.66517383456163
10;120.104;18332.494;15.34326;419.688024222448;4.65082278481013;0.211518987341773;0.23975;4.65563023206473;4.66179932217326
10;120.119;18332.509;14.6433;398.790168740881;4.65202531645569;0.21759493670886;0.238793004662225;4.65711145469228;4.66322948186143
10;120.134;18332.524;13.96842;378.824155097137;4.6529746835443;0.214303797468355;0.236666381177546;4.65790720424029;4.6639157903304
10;120.15;18332.54;13.3095;359.082123537395;4.65310126582279;0.222531645569621;0.235287747666013;4.65841944475608;4.66435762431262
10;120.164;18332.554;12.67794;339.354867059255;4.65601265822785;0.222088607594939;0.233729067401761;4.66130638589671;4.66716257485744
10;120.179;18332.569;12.06462;321.695487061351;4.65341772151899;0.219430379746836;0.234732053678626;4.65858843240126;4.66449839956313
10;120.195;18332.585;11.47182;302.909469033249;4.65601265822785;0.221645569620254;0.234996957025109;4.66128529829598;4.66720518103943
10;120.209;18332.599;10.89726;285.39303659003;4.65613924050633;0.218797468354429;0.235500424426306;4.66127718111047;4.66722245120651
10;120.225;18332.615;10.35462;268.647853033397;4.65639240506329;0.219493670886077;0.236481187950167;4.66156279604707;4.66755728981921
10;120.239;18332.629;9.81996;252.31088743654;4.65594936708861;0.218164556962025;0.23625;4.66105785018887;4.66704128386575
10;120.255;18332.645;9.31152;236.331692163929;4.6570253164557;0.221645569620254;0.2345;4.66229681129822;4.66819042099201
10;120.269;18332.659;8.82588;221.003456417859;4.65886075949367;0.219683544303797;0.232270517747361;4.6640373536227;4.66981734432969
10;120.285;18332.675;8.35962;206.477209392574;4.6596835443038;0.215696202531644;0.232985364526726;4.66467314876854;4.67048795790395
10;120.299;18332.689;7.91502;192.327458136473;4.6606329113924;0.229999999999999;0.235578858060808;4.66630465515852;4.67224748200684
10;120.315;18332.705;7.49094;178.921072399146;4.66240506329114;0.228860759493672;0.240928749695042;4.66801866121365;4.67423201005989
10;120.329;18332.719;7.08852;166.370270995643;4.66367088607595;0.227721518987343;0.244168747805219;4.66922726196127;4.67560708371085
10;120.345;18332.735;6.70662;154.659337397258;4.66462025316456;0.223354430379747;0.243461766243123;4.669964593849;4.67630654891502
10;120.359;18332.749;6.34296;143.294483778037;4.6670253164557;0.227974683544305;0.241594771682343;4.67259004843946;4.6788316698167
10;120.375;18332.765;6.00324;133.141547825238;4.66670886075949;0.227974683544305;0.240763389031576;4.67227396964565;4.67847315445181
10;120.389;18332.779;5.6829;123.49783775788;4.66689873417721;0.236898734177215;0.239200521668782;4.67290753228861;4.67902572069082
10;120.405;18332.795;5.3865;114.498172715121;4.66943037974683;0.234810126582278;0.238273455591202;4.67533056230768;4.6813983067549
10;120.419;18332.809;5.11062;106.452377950838;4.6696835443038;0.230696202531645;0.23789472669915;4.67537860946086;4.68142703059606
10;120.435;18332.825;4.8564;98.9519650509167;4.67151898734177;0.226202531645569;0.239402894207991;4.67699232781256;4.68311552069482
10;120.449;18332.839;4.62042;92.2046616483743;4.67113924050633;0.227151898734178;0.243469557137787;4.67665904137736;4.68299233552111
10;120.465;18332.855;4.40382;85.7346959354055;4.67487341772152;0.229240506329115;0.248312627152786;4.68049064537697;4.68707284371225
10;120.479;18332.869;4.2123;80.228798048523;4.67708860759494;0.226708860759492;0.252;4.68257992466132;4.68935589935774
10;120.495;18332.885;4.0413;75.6816196645158;4.6746835443038;0.229430379746836;0.253139757611758;4.68031030365888;4.68715097638419
10;120.509;18332.899;3.88968;71.3841707686705;4.67727848101266;0.227911392405062;0.253986167199311;4.68282794812409;4.6897107122786
10;120.525;18332.915;3.76086;67.8740360654483;4.67746835443038;0.232151898734177;0.256414573118304;4.68322588722598;4.69024020110814
10;120.539;18332.929;3.65142;64.7828244434682;4.68006329113924;0.235696202531646;0.256957430380891;4.68599456988128;4.69303443733208
10;120.555;18332.945;3.56592;62.5007615782497;4.68082278481013;0.232911392405061;0.25725;4.68661387992543;4.69366884451915
10;120.569;18332.959;3.4998;60.7942974273789;4.68101265822785;0.229620253164557;0.25425140693947;4.68664111781057;4.69353265090203
10;120.585;18332.975;3.4542;59.6036460626382;4.68088607594937;0.234177215189874;0.252499984796543;4.68674017032423;4.69353701023578
10;120.599;18332.989;3.42798;58.8750378196292;4.68259493670886;0.225822784810127;0.251011108041616;4.68803703818889;4.69475216042244
10;120.615;18333.005;3.42342;58.8188269787893;4.68126582278481;0.228544303797468;0.25100957174702;4.68684138865093;4.69355813935228
10;120.629;18333.019;3.4257;58.7198643950965;4.68398734177215;0.229556962025317;0.251379730473901;4.68960913261393;4.69634172368123
10;120.645;18333.035;3.4257;58.7131882750106;4.68373417721519;0.23367088607595;0.251732688613025;4.6895594596735;4.69631102806549
10;120.659;18333.049;5.7057;121.915718045353;4.68607594936709;0.230949367088607;0.251423569705059;4.69176357177078;4.69849542138742
10;120.675;18333.065;5.70342;121.841233634643;4.68537974683544;0.225379746835443;0.264577858591037;4.69079730987594;4.6982529567485
0;121.219;18333.609;5.70456;123.342705323281;4.66943037974684;0.242531645569619;0.280685736147043;4.67572472141008;4.68414198684047
0;121.819;18334.209;5.70456;123.180459902242;4.66924050632911;0.238354430379749;0.299420568049946;4.67532028212252;4.68489833582305
0;122.419;18334.809;5.7;123.002941322007;4.66677215189873;0.251582278481012;0.314406426726952;4.67354854051857;4.68411222770659
0;123.019;18335.409;5.70342;123.384149025441;4.66018987341772;0.280759493670885;0.32561493564255;4.66863958231854;4.6799808371301
0;123.62;18336.01;5.70456;123.070936695416;4.66772151898734;0.218797468354429;0.335024601003928;4.67284672453268;4.68484129872653
0;124.22;18336.61;5.70456;122.974619836626;4.66924050632911;0.194303797468354;0.344443845746225;4.67328159558732;4.68595800605678
