idxAnalysis;T;Tabs;B;F;dx;dy;dz;D2;D3
0;9.500000000173259e-05;64.901584;15.0;324.12788517925503;4.708544303797469;-1.1610759493670886;0.756;4.849586252560344;4.908158801528561
0;0.0005500000000040473;64.902039;15.0;321.77719996730843;4.70620253164557;-1.152784810126582;0.8085;4.845333330878872;4.912324026092512
0;0.0012190000000060763;64.902708;15.0;315.64087630910353;4.709493670886076;-1.1430379746835444;0.8925000000000001;4.846221873551052;4.927719827433847
0;0.00186300000000017;64.903352;15.0;326.73610226338025;4.708607594936709;-1.133987341772152;0.7595;4.843233710486738;4.902423178836679
0;0.002594999999999459;64.904084;15.0;325.2417961861404;4.712405063291138;-1.1256962025316457;0.7805;4.84499261309304;4.907456945397088
0;0.0032390000000077634;64.904728;15.0;327.38264375948324;4.716139240506328;-1.118291139240507;0.749;4.84691081081006;4.904441396117139
0;0.003748999999999114;64.905238;15.0;326.61821207275733;4.716392405063291;-1.1108227848101258;0.77;4.845439564971585;4.906239351865339
0;0.004383000000004245;64.905872;15.0;326.95199413678415;4.716392405063293;-1.1124050632911389;0.763;4.845802548946302;4.905504188498312
0;0.005115000000003533;64.906604;15.0;319.871845699588;4.7231645569620255;-1.1036075949367077;0.8505;4.850384846148217;4.924386601978389
0;0.00573900000000549;64.907228;15.0;288.83739102139896;4.736518987341773;-1.1018987341772148;1.183;4.863002461219867;5.004825864885858
0;0.006371999999998934;64.907861;15.0;266.65800077346506;4.743607594936708;-1.0924683544303795;1.407;4.867781848046709;5.067045403405523
0;0.007002999999997428;64.908492;15.0;247.43551588345608;4.742784810126584;-1.0786075949367089;1.6065;4.863887549997698;5.122328020443694
0;0.0076279999999968595;64.909117;15.0;236.5283810815723;4.745696202531644;-1.077721518987343;1.708;4.86653019298264;5.1575556341363535
0;0.008256000000002928;64.909745;15.0;242.51001390308636;4.739050632911392;-1.0675949367088604;1.666;4.857814307915059;5.1355540937842585
0;0.008883999999994785;64.91037299999999;15.0;241.29922698326445;4.744240506329114;-1.0638607594936706;1.673;4.862058997737932;5.141842733639797
0;0.009506999999999266;64.910996;15.0;204.3399970964757;4.749177215189875;-1.05613924050633;2.0265;4.865194170494735;5.27037157766091
0;0.010049999999992565;64.91153899999999;15.0;183.53300145271945;4.737784810126582;-1.0627215189873416;2.24;4.855510470999413;5.347296694030073
0;0.010140000000006921;64.911629;15.0;155.80888930944803;4.753670886075947;-1.0551265822784806;2.5235;4.869361251515105;5.484408012516643
0;0.010775000000009527;64.91226400000001;15.0;169.39961069313134;4.743734177215189;-1.0405696202531647;2.3905000000000003;4.856521293958597;5.412974166636424
0;0.011407000000005496;64.912896;15.0;182.88845139506165;4.74227848101266;-1.0384177215189863;2.254;4.8546386637771946;5.352385688255325
0;0.012040999999996416;64.91353;15.0;197.9035294162744;4.741012658227845;-1.0227215189873413;2.114;4.850068074870335;5.290761413149949
0;0.01265899999999931;64.914148;15.0;235.6182697806408;4.734050632911391;-1.0177848101265816;1.7675;4.842222765909592;5.1547238107092745
0;0.01330799999999499;64.914797;15.0;216.98903051902403;4.733481012658225;-1.0101265822784815;1.9460000000000002;4.840061798099435;5.216619040089236
0;0.013913000000002285;64.915402;15.0;193.35145243294272;4.7394303797468345;-1.0086708860759501;2.1665;4.845577084402277;5.307856396972743
0;0.014517999999995368;64.916007;15.0;192.9227882052787;4.739240506329113;-1.0029746835443043;2.1734999999999998;4.844208789127635;5.309468998182533
0;0.0151429999999948;64.91663199999999;15.0;189.3959970511488;4.7443670886075955;-0.9996202531645576;2.205;4.8485317078472;5.326376321853318
0;0.01577699999999993;64.917266;15.0;190.8142301570225;4.7416455696202515;-0.9974050632911383;2.1945;4.845412218602062;5.319196350782527
0;0.016409999999993374;64.91789899999999;15.0;193.35590418658128;4.74411392405063;-0.9916455696202535;2.17;4.846646042380086;5.310261562307318
0;0.017032999999997855;64.918522;15.0;194.94012295830555;4.743037974683546;-0.9830379746835449;2.1595;4.843838652242673;5.303415233503795
0;0.01766800000000046;64.919157;15.0;195.03160602452292;4.741645569620253;-0.9684177215189883;2.1665;4.8395284471993145;5.302335130982519
0;0.018292999999999893;64.919782;15.0;196.24335135266415;4.742278481012656;-0.9644303797468353;2.156;4.8393523480786484;5.2978927083185
0;0.018947999999994636;64.92043699999999;15.0;190.14674195654314;4.744746835443038;-0.9503797468354442;2.219;4.838992064019296;5.323514365120256
0;0.019563000000005104;64.921052;15.0;192.27813260824644;4.748734177215188;-0.9506962025316447;2.1945;4.842963922574656;5.31696622195023
0;0.020194000000003598;64.921683;15.0;197.46662772615463;4.745316455696204;-0.9393037974683531;2.1525;4.837387713284894;5.294674318467535
0;0.020814999999998918;64.922304;15.0;241.60820632091634;4.754810126582277;-0.9272784810126571;1.736;4.84438486509882;5.146043210195432
0;0.021451999999996474;64.922941;15.0;269.2386295538099;4.753670886075949;-0.922784810126583;1.484;4.842408357308009;5.064698875444269
0;0.022070999999996843;64.92356;15.0;276.06763125493785;4.752025316455698;-0.9082911392405062;1.4315;4.838050992068882;5.0453869675039495
0;0.02269900000000291;64.924188;15.0;278.4878330741864;4.752911392405061;-0.9030379746835443;1.4105;4.837938020249369;5.039360528655831
0;0.023324000000002343;64.924813;15.0;280.669849583137;4.755822784810126;-0.8957594936708873;1.3895;4.83944577725804;5.0349722621898
0;0.02395900000000495;64.925448;15.0;281.5536357778998;4.756772151898736;-0.8910126582278483;1.3825;4.839502542844832;5.033099553178101
0;0.02459500000000503;64.926084;15.0;282.08485130935276;4.753987341772153;-0.8796835443037975;1.3895;4.834691177712259;5.030402472352362
0;0.025236000000006698;64.926725;15.0;282.11445137388284;4.760443037974683;-0.867088607594936;1.3860000000000001;4.838766430736511;5.033354405485724
0;0.02586499999999603;64.927354;15.0;283.8076294573592;4.761455696202531;-0.8553164556962013;1.3755000000000002;4.8376674737195655;5.029416152624899
0;0.026502000000007797;64.927991;15.0;283.0842526654356;4.764177215189873;-0.8474050632911398;1.3825;4.838954420019452;5.032572516022575
0;0.027124000000000592;64.928613;15.0;291.99683703552927;4.764810126582278;-0.8377848101265837;1.302;4.837902327503095;5.010040212459363
0;0.02776099999999815;64.92925;15.0;284.7939663229369;4.761075949367088;-0.829683544303798;1.3825;4.8328272242374055;5.026681333576878
0;0.02838200000000768;64.929871;15.0;284.54841443360726;4.763987341772153;-0.8250632911392387;1.3825;4.834904841561085;5.028678859994026
0;0.028999999999996362;64.930489;15.0;293.74252284702504;4.764683544303798;-0.8171518987341773;1.2985;4.834247252982027;5.005601737350293
0;0.029623000000000843;64.931112;15.0;293.1103585075792;4.765379746835442;-0.8136075949367082;1.3054999999999999;4.834335678259022;5.007507533702582
0;0.03026199999999335;64.93175099999999;15.0;290.39792056190294;4.767278481012658;-0.7987341772151901;1.337;4.833727381780854;5.015225757767838
0;0.030896999999995955;64.932386;15.0;301.9027834367935;4.763354430379747;-0.8011392405063282;1.232;4.830255636309264;4.984896539758616
0;0.032667000000003554;64.934156;15.0;270.4363973256527;4.765569620253164;-0.7837341772151905;1.533;4.829585185708505;5.067048654395876
0;0.03306700000000262;64.934556;15.0;258.7403165399291;4.766708860759492;-0.7813291139240506;1.6380000000000001;4.8303197148334185;5.1004933631471765
0;0.03370200000000523;64.935191;15.0;258.6140284168776;4.770316455696201;-0.7729113924050643;1.6380000000000001;4.832526369094689;5.102583179919313
0;0.03434000000000026;64.935829;15.0;259.76471763924906;4.772025316455696;-0.7680379746835437;1.6275000000000002;4.8334364536476615;5.100084724928605
0;0.0349910000000051;64.93648;15.0;260.0278784591003;4.770316455696203;-0.7607594936708867;1.631;4.830597695388881;5.098513027804907
0;0.03562100000000612;64.93711;15.0;258.1505121681902;4.771075949367089;-0.7645569620253154;1.645;4.83194712955455;5.1042862442079455
0;0.036244999999993865;64.93773399999999;15.0;260.87552189068344;4.766518987341771;-0.7561392405063293;1.631;4.82612161136902;5.094272353116105
0;0.03686100000000181;64.93835;15.0;260.02169401794333;4.770696202531644;-0.7521518987341781;1.6345;4.8296246992514105;5.098712090873467
0;0.037510999999994965;64.939;15.0;262.4549310115199;4.762594936708858;-0.753037974683544;1.624;4.821760749195292;5.087902585789192
0;0.03813699999999187;64.93962599999999;15.0;263.5822841215459;4.7591139240506335;-0.742215189873418;1.624;4.8166428900398515;5.083052697953411
0;0.038775000000001114;64.940264;15.0;263.17897789096867;4.760822784810126;-0.7291772151898743;1.631;4.8163402080334095;5.085006784608975
0;0.03940200000000971;64.94089100000001;15.0;263.49531839500213;4.762911392405062;-0.7240506329113923;1.6275000000000002;4.81763160182691;5.085108700993649
0;0.04002499999999998;64.941514;15.0;263.19877462675123;4.762151898734178;-0.7165822784810127;1.6345;4.815763788689243;5.085584638805117
0;0.040644000000000347;64.942133;15.0;263.74171164793523;4.763037974683546;-0.7107594936708854;1.631;4.815777175713265;5.084473503335506
0;0.0412809999999979;64.94277;15.0;263.98386687420043;4.764303797468355;-0.7016455696202539;1.631;4.8156928037343825;5.084393590187439
0;0.041922999999997046;64.943412;15.0;264.4235410709002;4.7624683544303785;-0.6987974683544301;1.631;4.813462654755863;5.082281350803925
0;0.04244099999999662;64.94393;15.0;252.33248353695544;4.778291139240506;-0.7002531645569615;1.7149999999999999;4.8293292190340855;5.124806894490403
0;0.04253200000000845;64.944021;15.0;237.28358973069993;4.764683544303798;-0.6901265822784808;1.8690000000000002;4.814403802853141;5.16445979526676
0;0.04317299999999591;64.944662;15.0;217.4531648369535;4.7653797468354435;-0.6798101265822776;2.0475;4.8136250310709965;5.230988643626867
0;0.043795000000002915;64.945284;15.0;211.18500886154163;4.762721518987342;-0.6786075949367094;2.1069999999999998;4.8108236857456;5.251997099707014
0;0.04440800000000422;64.945897;15.0;210.20935352060602;4.765189873417721;-0.6765822784810125;2.114;4.812982246931455;5.256785530081796
0;0.04503600000001029;64.94652500000001;15.0;217.99841454810127;4.761012658227847;-0.6682911392405061;2.0509999999999997;4.807687030016947;5.226897318543111
0;0.04567900000000691;64.947168;15.0;213.15805270256277;4.763037974683544;-0.6658227848101272;2.093;4.809350343762641;5.2450452551955955
0;0.04631899999999689;64.947808;15.0;207.05020974765714;4.761455696202533;-0.656772151898733;2.1525;4.8065382560018435;5.266504177954219
0;0.04694299999999885;64.948432;15.0;217.13782591090785;4.763164556962026;-0.6524683544303795;2.0614999999999997;4.807645114838691;5.230987841720943
0;0.04756799999999828;64.949057;15.0;217.79891109980602;4.76246835443038;-0.6472151898734176;2.058;4.806245138250202;5.228322515774415
0;0.048207000000004996;64.949696;15.0;217.91119390917362;4.758101265822784;-0.6361392405063301;2.065;4.800437562257877;5.225746433681637
0;0.04883000000000948;64.95031900000001;15.0;215.5801749720164;4.7602531645569615;-0.6277215189873422;2.086;4.801462745463547;5.235020582201597
0;0.049476999999995996;64.950966;15.0;219.6553257717422;4.755063291139241;-0.6305696202531641;2.0545;4.796691041616729;5.218162051788559
0;0.05008700000000488;64.951576;15.0;220.1126745946276;4.7544936708860766;-0.6308227848101255;2.0509999999999997;4.796159656676513;5.216296430642277
0;0.05071399999999926;64.952203;15.0;218.57695442603557;4.755886075949369;-0.6244303797468362;2.065;4.7967036250491715;5.222316599609781
0;0.05134599999999523;64.952835;15.0;213.88188394600016;4.750632911392403;-0.6168354430379752;2.114;4.79051135293431;5.2362195353702
0;0.05196700000000476;64.953456;15.0;213.50405105895746;4.756075949367087;-0.6095569620253164;2.114;4.794978428116394;5.240306682447275
0;0.05260499999999979;64.954094;15.0;219.48469011045074;4.752151898734177;-0.6107594936708864;2.065;4.791239383265249;5.217298134834922
0;0.05324099999999987;64.95473;15.0;267.98052236248407;4.756202531645571;-0.5996202531645562;1.6484999999999999;4.7938509540907575;5.069374637964417
0;0.05386699999999678;64.955356;15.0;310.3425717920967;4.752025316455698;-0.5970886075949365;1.288;4.789390296640642;4.9595567759181405
0;0.05449800000000948;64.95598700000001;15.0;299.14902423878164;4.754746835443037;-0.589746835443037;1.3860000000000001;4.791181357355475;4.9876261687370524
0;0.055136000000004515;64.956625;15.0;305.10793036438633;4.756012658227848;-0.5837341772151907;1.3335;4.791701367455261;4.9737937477214125
0;0.05575400000000741;64.957243;15.0;300.05039520585774;4.761835443037972;-0.5741772151898735;1.372;4.796327372168818;4.98870125994891
0;0.056415000000001214;64.957904;15.0;309.88157864575135;4.75506329113924;-0.5780379746835431;1.295;4.790068350547432;4.962033837340914
0;0.057060000000006994;64.958549;15.0;311.21406306275804;4.754113924050634;-0.5708860759493677;1.288;4.788267966035838;4.9584729619677255
0;0.05769100000000549;64.95918;15.0;310.8612795791284;4.757341772151898;-0.5639873417721519;1.288;4.790655744127371;4.960778815744619
0;0.05832499999999641;64.959814;15.0;307.0021327972477;4.756012658227848;-0.560759493670887;1.3265;4.7889568399564375;4.969276593727255
0;0.058948999999998364;64.960438;15.0;316.42739212019296;4.751329113924048;-0.5637341772151905;1.2494999999999998;4.784655115197204;4.945116259642716
0;0.05959300000000667;64.961082;15.0;307.3304196158674;4.754430379746836;-0.5608227848101259;1.3265;4.787392863743462;4.967769386940363
0;0.06022200000001021;64.96171100000001;15.0;307.15916330915445;4.753417721518987;-0.5522151898734173;1.3335;4.785386259350199;4.967710126524865
0;0.06086000000000524;64.962349;15.0;309.36297124343946;4.7475316455696195;-0.5485443037974684;1.3265;4.779116819969317;4.9597943333281105
0;0.06149000000000626;64.962979;15.0;309.6500862778355;4.7532278481012655;-0.5420253164556957;1.316;4.784032443414685;4.96173582727298
0;0.062110000000004106;64.963599;15.0;313.4044046652565;4.7543037974683555;-0.540696202531646;1.281;4.78495109505355;4.953455155954697
0;0.06274899999999661;64.964238;15.0;314.20797387540154;4.750759493670885;-0.5399367088607598;1.281;4.781343683137559;4.949970547011309
0;0.06337399999999604;64.964863;15.0;320.354524562587;4.750822784810127;-0.5408227848101258;1.2249999999999999;4.78150670994414;4.935932679569367
0;0.06512100000000487;64.96661;15.0;295.4085347240076;4.752531645569622;-0.5405696202531644;1.442;4.783175990540318;4.995811901631341
0;0.06551100000000076;64.967;15.0;289.18893308782026;4.750443037974683;-0.5420886075949365;1.498;4.781272750589151;5.010446398827788
0;0.06612599999999702;64.967615;15.0;312.79624167685415;4.749556962025316;-0.5420886075949365;1.295;4.780392389125328;4.952693852239139
0;0.06675400000000309;64.968243;15.0;335.31553148113795;4.750696202531646;-0.5330379746835441;1.0885;4.780506656328734;4.902864075334267
0;0.06796200000000852;64.969451;15.0;352.2637283568416;4.75405063291139;-0.5324050632911396;0.9065000000000001;4.783769703037891;4.868900781665532
0;0.06857700000000477;64.970066;15.0;355.1297268175726;4.7541772151898725;-0.5313924050632921;0.875;4.7837829049393;4.863147528256724
0;0.06921800000000644;64.970707;15.0;355.7209740975236;4.754050632911394;-0.5268354430379755;0.8714999999999999;4.783153040027702;4.861899346379586
0;0.06985400000000652;64.971343;15.0;355.9958513369554;4.75113924050633;-0.5244303797468355;0.8785000000000001;4.779994906470139;4.860052834679935
0;0.0704680000000053;64.971957;15.0;356.59474643275865;4.751898734177216;-0.5327215189873419;0.8645;4.781666424654402;4.859186562241381
0;0.07109700000000885;64.972586;15.0;355.04825393529006;4.751139240506328;-0.5244303797468355;0.889;4.7799949064701375;4.861961775444194
0;0.07172699999999566;64.973216;15.0;354.19426993196964;4.757088607594937;-0.5228481012658225;0.882;4.785735278670019;4.866331899645441
0;0.07236000000000331;64.973849;15.0;352.3668859208227;4.752911392405063;-0.5239873417721517;0.9135;4.781707795170182;4.868183612846919
0;0.0729819999999961;64.974471;15.0;355.5844339955458;4.747468354430379;-0.526582278481014;0.8925000000000001;4.776582949382136;4.859249008059594
0;0.07361200000001134;64.97510100000001;15.0;355.4233055773493;4.74651898734177;-0.5282911392405069;0.896;4.775828098350691;4.859151163011496
0;0.07425100000000384;64.97574;15.0;354.55771034056494;4.750316455696205;-0.525759493670887;0.896;4.779323118857232;4.862586294806831
0;0.07488000000000739;64.976369;15.0;351.0016604778807;4.751772151898734;-0.5184177215189875;0.9345000000000001;4.779968150264734;4.870460529307805
0;0.07541700000000162;64.976906;15.0;360.8445519602138;4.7581645569620274;-0.5285443037974683;0.798;4.787430316172383;4.853482567415526
0;0.07550799999999924;64.976997;15.0;323.69345462532715;4.74740506329114;-0.5192405063291143;1.2109999999999999;4.775716233024662;4.926863762920106
0;0.07612300000000971;64.97761200000001;15.0;296.2448717158897;4.748860759493671;-0.5187974683544305;1.4489999999999998;4.777115167779585;4.992036691194264
0;0.07677700000000698;64.978266;15.0;284.5015749650366;4.746139240506327;-0.5138607594936708;1.554;4.773875843632864;5.020438882251371
0;0.07739200000000324;64.978881;15.0;285.07757468743563;4.745126582278481;-0.514620253164557;1.5505;4.772950899266932;5.018476914046035
0;0.07817500000000166;64.979664;15.0;283.6697873265214;4.747468354430379;-0.5074683544303797;1.561;4.774513578058624;5.0232161915516
0;0.07880699999999763;64.980296;15.0;290.1717628874592;4.75164556962025;-0.5025949367088609;1.5015;4.778152078962863;5.008516700550886
0;0.07942900000000463;64.980918;15.0;293.97873837369593;4.748987341772153;-0.5031012658227856;1.4735;4.775561920442937;4.997718870243166
0;0.08006500000000472;64.981554;15.0;300.3039543672496;4.746075949367088;-0.5038607594936698;1.4244999999999999;4.772746859212025;4.980794397695838
0;0.08069600000000321;64.982185;15.0;295.66369579073285;4.7493670886075945;-0.5005063291139232;1.4595;4.775666898751636;4.993709500745119
0;0.0813050000000004;64.982794;15.0;282.732680197746;4.748164556962026;-0.49575949367088595;1.5715000000000001;4.773975715853109;5.025978152116781
0;0.08193800000000806;64.983427;15.0;294.0336622614344;4.752405063291141;-0.4954430379746837;1.47;4.778160492226361;4.999171700339253
0;0.08257600000000309;64.984065;15.0;294.64817464240747;4.75113924050633;-0.4965822784810129;1.4665;4.77701978664318;4.997053160811926
0;0.08321200000000317;64.984701;15.0;293.41546338642473;4.7552531645569625;-0.4865822784810119;1.4735;4.780083155423217;5.002039306399019
0;0.08382899999999438;64.98531799999999;15.0;296.18605600680485;4.750696202531646;-0.4912658227848101;1.456;4.776029367307642;4.993034399779861
0;0.0844680000000011;64.985957;15.0;297.8112624290706;4.749683544303799;-0.4865822784810119;1.4455;4.774542500047734;4.988559545075319
0;0.08509999999999707;64.986589;15.0;302.68805168046623;4.7445569620253165;-0.48335443037974685;1.4140000000000001;4.769114411635626;4.974318875109498
0;0.08573700000000883;64.987226;15.0;314.76064331688207;4.746582278481012;-0.48607594936708903;1.3054999999999999;4.7714057839323525;4.946781115527864
0;0.08635900000000163;64.987848;15.0;347.78406543521317;4.7471518987341765;-0.4849999999999989;0.9974999999999999;4.771862964257827;4.875005887140599
0;0.08699100000001181;64.98848000000001;15.0;366.4824670381193;4.745949367088607;-0.47981012658227956;0.8015;4.770141837780052;4.837008931409953
0;0.08761900000000367;64.989108;15.0;363.2218709179756;4.744620253164559;-0.4854430379746845;0.84;4.769389509136092;4.842796329586596
0;0.08824900000000468;64.989738;15.0;362.57423946344863;4.746518987341772;-0.4879746835443043;0.84;4.771536627646918;4.844910916516022
0;0.08888899999999467;64.99037799999999;15.0;366.92030203542976;4.7395569620253175;-0.48822784810126574;0.812;4.764637092995042;4.833333283350554
0;0.08950500000000261;64.990994;15.0;363.26409180538917;4.736835443037975;-0.48322784810126523;0.8645;4.761419868862791;4.839264346737152
0;0.09014200000000017;64.991631;15.0;366.9237655836754;4.74120253164557;-0.4793037974683549;0.812;4.765368146990319;4.83405394843189
0;0.09078600000000847;64.992275;15.0;348.95107811242366;4.738101265822786;-0.47968354430379795;1.0114999999999998;4.762320853099604;4.86855544878225
0;0.09141700000000696;64.992906;15.0;351.57767172376316;4.745379746835441;-0.4800000000000002;0.9660000000000001;4.769594211426796;4.866434520434442
0;0.09203100000000575;64.99352;15.0;363.89569133566664;4.7356962025316465;-0.47689873417721496;0.8645;4.759648193441663;4.837521180866549
0;0.09266399999999919;64.994153;15.0;355.47236603917264;4.739493670886075;-0.4734810126582275;0.9450000000000001;4.763085609740499;4.8559251977060995
0;0.09329499999999769;64.994784;15.0;364.21177925815175;4.7446835443038;-0.4653164556962028;0.84;4.767445997547213;4.840882289369257
0;0.09393000000000029;64.995419;15.0;356.50593935315;4.741772151898733;-0.4604430379746839;0.9345000000000001;4.7640750342266545;4.854863662528712
0;0.09455400000000225;64.996043;15.0;365.0374249430118;4.735379746835442;-0.4555063291139242;0.8645;4.757237366644862;4.835149182042074
0;0.09519199999999728;64.996681;15.0;366.4055973519426;4.734810126582278;-0.4568354430379758;0.8505;4.756797825933092;4.832233004191933
0;0.09581500000000176;64.997304;15.0;365.5018201832177;4.735949367088607;-0.46240506329113995;0.854;4.758469801331544;4.834495925138863
0;0.0964479999999952;64.997937;15.0;353.54244608927337;4.735443037974683;-0.4567088607594942;0.9835;4.757415658674269;4.8580115273020015
0;0.09822300000000439;64.999712;15.0;355.679842361873;4.729177215189873;-0.4460126582278479;0.9835;4.750162568162327;4.8509088503053235
0;0.09861300000000028;65.000102;15.0;347.5673429574158;4.73145569620253;-0.44455696202531647;1.057;4.752294592890107;4.868424067150739
0;0.09926300000000765;65.000752;15.0;354.5087420776243;4.727848101265822;-0.4481645569620246;0.9974999999999999;4.749041917983017;4.85266992373887
0;0.09989199999999698;65.001381;15.0;350.5799008607341;4.731455696202532;-0.45069620253164433;1.0254999999999999;4.752872823051741;4.862247455868925
0;0.10052500000000464;65.002014;15.0;347.2816333335554;4.7326582278481;-0.44411392405063443;1.057;4.753450439328675;4.869552348948923
0;0.10114599999999996;65.002635;15.0;348.93111795330816;4.72879746835443;-0.44569620253164566;1.05;4.749754793846352;4.864429113643902
0;0.10177400000000603;65.003263;15.0;348.19557932193226;4.7283544303797465;-0.43981012658227925;1.0605;4.748764951725459;4.8657403153822445
0;0.10239200000000892;65.003881;15.0;339.16925955375325;4.729430379746836;-0.44082278481012677;1.141;4.749930151536974;4.885050403473854
0;0.10302300000000741;65.004512;15.0;346.1640014369254;4.734873417721521;-0.4399999999999999;1.064;4.7552735233470935;4.872855659861667
0;0.1036539999999917;65.00514299999999;15.0;355.44331702047634;4.735759493670885;-0.4362025316455693;0.9730000000000001;4.755805991680898;4.854319687711959
0;0.10428000000000281;65.005769;15.0;352.5064150352148;4.735126582278479;-0.4263924050632908;1.008;4.75428588047626;4.859968953943628
0;0.10491399999999373;65.00640299999999;15.0;336.19394454367506;4.737215189873418;-0.42987341772151905;1.155;4.756679399584444;4.8948977425918745
0;0.10552800000000673;65.007017;15.0;352.63511564782715;4.7359493670886055;-0.43487341772151955;1.001;4.755873347458673;4.860075338620561
0;0.10616799999999671;65.007657;15.0;335.3689580503033;4.735189873417721;-0.433544303797468;1.1655;4.754995667786982;4.895750611568462
0;0.10677700000000812;65.008266;15.0;342.79873065298455;4.736075949367088;-0.43335443037974736;1.0955;4.755860748645098;4.880402822565276
0;0.10743800000000192;65.008927;15.0;351.4529226073939;4.736708860759494;-0.42468354430379796;1.015;4.755708879273408;4.86281728470235
0;0.10798400000000186;65.009473;15.0;363.885649107068;4.748291139240506;-0.44500000000000034;0.8434999999999999;4.769097791300773;4.843117383771522
0;0.10807300000000453;65.009562;15.0;352.4207696253623;4.735443037974683;-0.4181012658227862;1.0114999999999998;4.753864684063432;4.8602841156032754
0;0.10869700000000648;65.010186;15.0;329.3518718500193;4.737911392405062;-0.42075949367088583;1.218;4.756557885046271;4.910027180555709
0;0.10931700000000433;65.010806;15.0;323.244083532535;4.741012658227849;-0.42613924050632934;1.2635;4.760125594748105;4.9249596879341055
0;0.10995300000000441;65.011442;15.0;322.4955833821836;4.741329113924051;-0.4228481012658235;1.2705;4.760147296385684;4.926781153378739
0;0.1105840000000029;65.012073;15.0;324.61570550074487;4.736962025316453;-0.4248734177215186;1.26;4.755977990947447;4.920053521088619
0;0.11120900000000233;65.012698;15.0;327.92269106727906;4.73626582278481;-0.4263924050632908;1.232;4.755420531054549;4.912417778159257
0;0.11184799999999484;65.01333699999999;15.0;322.16829500535584;4.736075949367088;-0.4200632911392405;1.2845;4.754668081657866;4.925120182973822
0;0.1124810000000025;65.01397;15.0;329.4618223827992;4.737025316455696;-0.42322784810126474;1.218;4.755894307083644;4.909384346346354
0;0.11311700000000258;65.014606;15.0;334.81981560592874;4.734303797468356;-0.423544303797467;1.1760000000000002;4.753211779839246;4.896529201792078
0;0.11373900000000958;65.01522800000001;15.0;328.59105995627715;4.732658227848102;-0.43063291139240517;1.232;4.7522098655249465;4.909309789165136
0;0.11436199999999985;65.015851;15.0;320.7975356859599;4.730443037974682;-0.424746835443037;1.3054999999999999;4.749473782403901;4.925630057134012
0;0.11498799999999676;65.016477;15.0;325.21195564331856;4.733164556962024;-0.43177215189873436;1.26;4.752817471188725;4.916998465978689
0;0.11562700000000348;65.017116;15.0;329.4229223259444;4.731962025316457;-0.4338607594936702;1.2249999999999999;4.751810156947081;4.907170749797223
0;0.11626000000001113;65.01774900000001;15.0;324.0151163694418;4.7379113924050635;-0.4346835443037989;1.26;4.757809805569176;4.921824270122837
0;0.11687100000000328;65.01836;15.0;322.4651472565337;4.743291139240507;-0.4329113924050617;1.2635;4.76300567974379;4.927743434399928
0;0.11749899999999514;65.018988;15.0;332.3540641546536;4.744493670886077;-0.4340506329113926;1.1725;4.764306890305118;4.906462717173017
0;0.11813399999999774;65.019623;15.0;349.0066938789359;4.740253164556963;-0.4352531645569626;1.0254999999999999;4.760193838631905;4.869404032461175
0;0.1187579999999997;65.020247;15.0;356.8875171475696;4.734620253164556;-0.4339873417721518;0.9625000000000001;4.75446884041682;4.850915398612354
0;0.1193800000000067;65.020869;15.0;372.9726672487035;4.73879746835443;-0.4307594936708868;0.777;4.75833533785398;4.821357089810912
0;0.12001500000000931;65.02150400000001;15.0;374.08413569743857;4.737531645569619;-0.42734177215189934;0.77;4.756766452433786;4.818685202729009
0;0.12066199999999583;65.022151;15.0;371.3538397297254;4.736898734177216;-0.4254430379746841;0.805;4.755965874184848;4.823612380406498
0;0.12128200000000788;65.022771;15.0;367.5167648724916;4.740886075949367;-0.4241139240506325;0.8365;4.75981863159766;4.832763769904775
0;0.12191300000000638;65.023402;15.0;373.99986695138193;4.738607594936707;-0.42253164556962125;0.77;4.757408425844854;4.819318928054006
0;0.1225430000000074;65.024032;15.0;370.66531739206994;4.73746835443038;-0.4236075949367078;0.812;4.756369393110396;4.825183292240551
0;0.12316400000000272;65.024653;15.0;376.1528237513029;4.735126582278481;-0.42291139240506254;0.756;4.753974946928757;4.813711021241956
0;0.1237909999999971;65.02528;15.0;375.9624890044303;4.738670886075948;-0.41746835443037994;0.749;4.757024447435036;4.815628992509142
0;0.12441700000000822;65.025906;15.0;371.13556318934974;4.73373417721519;-0.42955696202531685;0.8155;4.753184032220886;4.822633999606397
0;0.12503600000000858;65.026525;15.0;368.0888934717855;4.730949367088607;-0.43044303797468453;0.8574999999999999;4.750490829682441;4.827263134830851
0;0.1256699999999995;65.027159;15.0;379.20533722613936;4.728291139240506;-0.4308860759493666;0.7384999999999999;4.747883729396427;4.804974730200703
0;0.12629099999999482;65.02777999999999;15.0;372.32688262583804;4.734999999999999;-0.4291772151898738;0.798;4.754410382164978;4.820915066876633
0;0.12691200000000435;65.028401;15.0;377.44303467357804;4.728101265822783;-0.42613924050632934;0.763;4.747266185097936;4.8081914720791135
0;0.12754600000000949;65.02903500000001;15.0;384.4416587790042;4.73107594936709;-0.4254430379746841;0.665;4.750166462055919;4.796488967697189
0;0.1281670000000048;65.029656;15.0;384.2969563440805;4.730253164556964;-0.4280379746835428;0.6685;4.749580140241068;4.796394871001799
0;0.128807000000009;65.030296;15.0;363.68569872923706;4.7264556962025335;-0.42335443037974635;0.9205000000000001;4.7453780062169475;4.833832089749036
0;0.13084500000000787;65.032334;15.0;346.1414157776774;4.725569620253165;-0.4070253164556969;1.099;4.743066291345242;4.868724560302781
0;0.1312420000000003;65.032731;15.0;347.21322113053253;4.72772151898734;-0.40468354430379777;1.085;4.745009961225186;4.867478251839061
0;0.13186600000000226;65.033355;15.0;343.38940575682346;4.729113924050631;-0.40575949367088615;1.1165;4.746489152347618;4.87603645631917
0;0.132710000000003;65.034199;15.0;337.88471809708415;4.7277848101265825;-0.39544303797468294;1.1725;4.744293878665854;4.887031886242026
0;0.13332499999999925;65.034814;15.0;332.81786269264626;4.729746835443037;-0.39056962025316405;1.2145;4.745845525894003;4.898781481720544
0;0.1339669999999984;65.035456;15.0;341.13571062673503;4.732405063291137;-0.38303797468354384;1.1375;4.747881187762943;4.882241495779706
0;0.13460299999999847;65.036092;15.0;345.0157527007469;4.73854430379747;-0.37113924050632935;1.092;4.753056538154691;4.876885323123259
0;0.13522700000000043;65.036716;15.0;336.24744965315534;4.734177215189874;-0.3654430379746836;1.183;4.748260999442545;4.893411031052584
0;0.13584300000000837;65.037332;15.0;338.2556045875469;4.730126582278482;-0.35867088607594944;1.1760000000000002;4.743705544075857;4.887301739088351
0;0.13647400000000687;65.037963;15.0;336.3305698369902;4.732341772151898;-0.352784810126583;1.1900000000000002;4.745473187229048;4.892403884667518
0;0.13710100000000125;65.03859;15.0;337.90702981275854;4.729873417721519;-0.3590506329113925;1.1795;4.743481833491377;4.887928002197119
0;0.13772900000000732;65.039218;15.0;341.65250075866254;4.733037974683545;-0.36455696202531584;1.1375;4.747057009175015;4.881440002535895
0;0.1383560000000017;65.039845;15.0;337.90288710933896;4.734556962025317;-0.3605696202531647;1.169;4.748267060487637;4.890051234671464
0;0.13899700000000337;65.040486;15.0;342.5696560320728;4.7274050632911395;-0.3559493670886091;1.1445;4.740786705216919;4.876980503791407
0;0.1396299999999968;65.041119;15.0;349.32041984840595;4.730253164556962;-0.35196202531645615;1.078;4.7433292388433275;4.864283736385659
0;0.1402570000000054;65.041746;15.0;338.73380724512293;4.730822784810125;-0.35132911392404986;1.1725;4.74385037364895;4.8866013360585585
0;0.14077899999999488;65.04226799999999;15.0;318.7139570123546;4.746075949367088;-0.3618354430379737;1.3125;4.759848926699165;4.937491068852601
0;0.1408699999999925;65.04235899999999;15.0;320.793693163899;4.730759493670886;-0.3516455696202539;1.3265;4.74381070381089;4.925783414198271
0;0.1414919999999995;65.042981;15.0;325.9513847001394;4.730063291139241;-0.35132911392404986;1.2845;4.74309296603742;4.913946594589083
0;0.1421190000000081;65.043608;15.0;339.93381530523203;4.729746835443039;-0.3470253164556946;1.1655;4.742460510920951;4.8835767576280205
0;0.14272499999999866;65.044214;15.0;341.33701435102324;4.726202531645568;-0.3429746835443045;1.1620000000000001;4.738630815297315;4.879023058326871
0;0.14345799999999542;65.044947;15.0;343.2697379874507;4.728797468354428;-0.33670886075949324;1.141;4.740769806015601;4.87614390206331
0;0.1440950000000072;65.045584;15.0;341.84048324635995;4.7338607594936715;-0.3299999999999999;1.1445;4.745349058844249;4.881415567258538
0;0.14473300000000222;65.046222;15.0;343.18400837841415;4.736012658227851;-0.332025316455695;1.127;4.747636960600709;4.879568188852569
0;0.145347000000001;65.046836;15.0;339.80145017797173;4.732911392405061;-0.3273417721518985;1.1655;4.744217836920345;4.885283321789347
0;0.1459949999999992;65.047484;15.0;343.61797286148453;4.735253164556962;-0.32443037974683575;1.127;4.746354138046318;4.8783200595850005
0;0.1466219999999936;65.04811099999999;15.0;344.6329391693103;4.73373417721519;-0.3165822784810132;1.1235;4.744308548100914;4.8755221104599045
0;0.14725800000000788;65.048747;15.0;342.8964684746272;4.737974683544302;-0.3134177215189872;1.1305;4.748329682116532;4.881051630547344
0;0.14787700000000825;65.049366;15.0;344.7209487559155;4.735759493670887;-0.30981012658227913;1.12;4.745882457080755;4.876248588456793
0;0.14851199999999665;65.050001;15.0;346.4334489450538;4.7324050632911385;-0.3067088607594939;1.113;4.74233360365253;4.8711905124242465
0;0.14915200000000084;65.050641;15.0;353.196424750304;4.733987341772152;-0.30816455696202527;1.0465;4.744006908324077;4.858061732442947
0;0.14979399999999998;65.051283;15.0;352.73632647548834;4.732341772151898;-0.3126582278481011;1.0534999999999999;4.742658939444716;4.858258542512417
0;0.15042499999999848;65.051914;15.0;351.04465612372206;4.728860759493672;-0.3229113924050635;1.0745;4.739872978258388;4.86013848568372
0;0.15151199999999676;65.053001;15.0;347.4593891347128;4.738607594936709;-0.34417721518987265;1.078;4.751090390031294;4.871852203653936
0;0.1516950000000037;65.053184;15.0;368.4966731866867;4.7296202531645575;-0.32322784810126576;0.903;4.740652273783909;4.8258877919956396
0;0.152315999999999;65.053805;15.0;387.5100475954098;4.725632911392404;-0.32107594936708905;0.7035;4.736527861049382;4.788487070933472
0;0.1529299999999978;65.054419;15.0;388.33037352903335;4.730126582278482;-0.31462025316455716;0.679;4.740578381176588;4.788958591184397
0;0.15355100000000732;65.05504;15.0;389.9708253615598;4.726772151898733;-0.3124683544303787;0.672;4.737088921319274;4.784516218854923
0;0.15518900000000713;65.056678;15.0;388.8818765142354;4.728734177215188;-0.31854430379746934;0.6755;4.7394511699399136;4.787347662562728
0;0.15581699999999898;65.057306;15.0;388.1915862298703;4.729683544303796;-0.3220886075949366;0.679;4.740637879062328;4.78901748800321
0;0.15645800000000065;65.057947;15.0;387.1585025185566;4.733987341772154;-0.32221518987341824;0.6755;4.744940334782319;4.792781971949501
0;0.15707100000000196;65.05856;15.0;398.0365158590029;4.726645569620252;-0.3198734177215191;0.5565;4.737456843515896;4.770030355687016
0;0.15769900000000803;65.059188;15.0;399.21271156139744;4.721645569620253;-0.31810126582278364;0.5635;4.7323488143238785;4.765779847037903
0;0.15834100000000717;65.05983;15.0;391.21560751625077;4.721455696202531;-0.3077215189873414;0.679;4.73147296562616;4.779945336973134
0;0.15898199999999463;65.06047099999999;15.0;391.2157515215626;4.720822784810126;-0.3053797468354423;0.6825;4.730689649021558;4.779668482788289
0;0.15961099999999817;65.0611;15.0;392.5990857959142;4.718607594936708;-0.31632911392405;0.6685;4.729198847935067;4.776213352993182
0;0.16030399999999645;65.061793;15.0;395.552958971552;4.719683544303796;-0.3205696202531644;0.623;4.730557857145529;4.771405101204602
0;0.1609370000000041;65.062426;15.0;392.10734530661114;4.716645569620253;-0.3160759493670886;0.6825;4.727224284417513;4.776238654546763
0;0.16154900000000794;65.063038;15.0;395.93137614625675;4.718227848101265;-0.3225316455696205;0.623;4.729238912234414;4.77009745068087
0;0.16218500000000802;65.063674;15.0;392.31033766907575;4.7148734177215195;-0.3177215189873424;0.686;4.725566453745479;4.775099403024467
0;0.1628199999999964;65.064309;15.0;385.44015726447003;4.712784810126581;-0.3127215189873419;0.777;4.723148887659332;4.786633933673807
0;0.16461300000000278;65.066102;15.0;361.79262740450247;4.712278481012659;-0.3129113924050643;1.0185;4.722656246447738;4.831234239002684
0;0.16513300000001152;65.06662200000001;15.0;356.2411184875378;4.710632911392406;-0.3089873417721504;1.0745;4.720755829659984;4.841496241170566
0;0.16575800000001095;65.06724700000001;15.0;360.4047032103846;4.712911392405065;-0.3039240506329127;1.0325;4.722700882039277;4.83424863564283
0;0.16637900000000627;65.067868;15.0;363.26751169213225;4.713797468354429;-0.3008860759493665;1.0045;4.7233906257438445;4.829020527328997
0;0.1670090000000073;65.068498;15.0;359.2142376758234;4.712721518987342;-0.2949367088607593;1.0465;4.721941526296146;4.836516724643881
0;0.16763300000000925;65.06912200000001;15.0;351.185003071115;4.715886075949364;-0.288670886075948;1.113;4.724712939618763;4.85403763497987
0;0.16826199999999858;65.069751;15.0;359.6066084559911;4.71753164556962;-0.28981012658227895;1.0325;4.726425154005979;4.837887037377004
0;0.1688919999999996;65.070381;15.0;347.328575577418;4.721455696202531;-0.2907594936708857;1.1340000000000001;4.730400086077612;4.864426068341781
0;0.16952600000000473;65.071015;15.0;361.262135923604;4.719493670886076;-0.29196202531645565;1.0114999999999998;4.7285158700971515;4.835493209979787
0;0.17016800000000387;65.071657;15.0;355.3813857291597;4.720886075949365;-0.28696202531645515;1.064;4.729599617945087;4.847804507822723
0;0.1708110000000005;65.0723;15.0;347.53459103732916;4.724050632911391;-0.2882278481012641;1.127;4.7328352680746875;4.86516789789742
0;0.17145299999999963;65.072942;15.0;363.3864952438124;4.7237341772151895;-0.28101265822784793;0.9835;4.732085448412269;4.833208555512077
0;0.1720679999999959;65.073557;15.0;352.483892493083;4.725443037974686;-0.2796835443037964;1.0815;4.733712580005018;4.855685022743728
0;0.17270500000000766;65.074194;15.0;353.88974783568653;4.721898734177213;-0.2762025316455699;1.078;4.7299699253073255;4.851257516800339
0;0.1733380000000011;65.074827;15.0;352.42339415233386;4.728734177215188;-0.27873417721519145;1.0745;4.736942015721834;4.857280093870522
0;0.1741659999999996;65.075655;15.0;350.615127837641;4.733544303797467;-0.27158227848101246;1.0815;4.741328781048451;4.863110204385501
0;0.17469700000000898;65.076186;15.0;338.49388282573796;4.739683544303799;-0.27449367088607524;1.1760000000000002;4.747625393341469;4.891106508296537
0;0.17478699999999492;65.076276;15.0;340.72515602546355;4.731012658227846;-0.2704430379746833;1.1760000000000002;4.738736140481034;4.8824784903879594
0;0.1754059999999953;65.076895;15.0;340.2342257735271;4.7336708860759495;-0.2793037974683533;1.1725;4.741903696719631;4.884711549207722
0;0.17604200000000958;65.07753100000001;15.0;347.5470807702567;4.733797468354429;-0.2830379746835448;1.106;4.742251465971808;4.869515886257253
0;0.17666100000000995;65.07815000000001;15.0;348.2162282942278;4.72860759493671;-0.278607594936708;1.113;4.736808205833285;4.86581144094688
0;0.17728400000000022;65.078773;15.0;344.2582353969054;4.732088607594936;-0.2767088607594945;1.141;4.740171978288615;4.875562673553956
0;0.17792299999999273;65.07941199999999;15.0;352.0055514808873;4.730379746835443;-0.27841772151898736;1.0745;4.738566130901496;4.8588639852260505
0;0.17855199999999627;65.080041;15.0;344.0090204110955;4.734556962025315;-0.27759493670886226;1.1375;4.74268790619294;4.877191284494465
0;0.17917500000000075;65.080664;15.0;345.8752769017346;4.736012658227849;-0.28132911392405197;1.1165;4.74436107070654;4.873964938244397
0;0.1798169999999999;65.081306;15.0;352.41592404494287;4.733797468354431;-0.2727215189873416;1.064;4.7416469183520595;4.859558776094553
0;0.18045399999999745;65.081943;15.0;351.6218079422979;4.733670886075951;-0.27525316455696136;1.071;4.741666833749679;4.8611156499595545
0;0.18108100000000604;65.08257;15.0;342.5173671861263;4.734683544303797;-0.2734810126582277;1.1515;4.742575263397065;4.88036600871141
0;0.1817180000000036;65.083207;15.0;352.98210102221657;4.732658227848102;-0.2765822784810129;1.0605;4.7407332405850555;4.857902006873758
0;0.1823569999999961;65.083846;15.0;353.06075391868353;4.736075949367088;-0.26873417721519044;1.0534999999999999;4.743694072785142;4.8592690506059535
0;0.18298099999999806;65.08447;15.0;344.64997820093606;4.7374050632911375;-0.27075949367088553;1.127;4.745136187414374;4.87713506447273
0;0.18361800000000983;65.08510700000001;15.0;351.53481405674495;4.73746835443038;-0.270126582278481;1.064;4.745163303795007;4.862989901252392
0;0.18424699999999916;65.085736;15.0;352.6286687309875;4.739810126582279;-0.2761392405063291;1.0465;4.747847187536614;4.86181192213349
0;0.18487000000000364;65.086359;15.0;370.212249018567;4.740506329113923;-0.2791139240506327;0.868;4.748716125329888;4.82739358649863
0;0.18549300000000812;65.086982;15.0;373.0336187962;4.738924050632911;-0.27569620253164523;0.8434999999999999;4.746936860098037;4.821296693189231
0;0.1861120000000085;65.087601;15.0;389.98327582500025;4.737025316455694;-0.2748734177215183;0.6475;4.744993597942159;4.788968625342212
0;0.18673100000000886;65.08822;15.0;391.3798558217844;4.734999999999999;-0.2749367088607591;0.637;4.742975352442724;4.7855599665952555
0;0.18750300000000664;65.088992;15.0;387.82383819569026;4.740253164556961;-0.27886075949367123;0.6615;4.748448524231643;4.794303456945301
0;0.18813600000000008;65.089625;15.0;394.04200204519276;4.7432911392405055;-0.27905063291139187;0.56;4.75149240632096;4.784378756675285
0;0.1887480000000039;65.090237;15.0;385.63474707511006;4.7454430379746855;-0.2733544303797479;0.672;4.753309612393311;4.800576660284746
0;0.1893880000000081;65.090877;15.0;386.1328639436256;4.741645569620253;-0.27677215189873355;0.679;4.749716363317502;4.798004432257857
0;0.19002000000000407;65.091509;15.0;385.46711109933705;4.742974683544303;-0.27664556962025194;0.6825;4.7510358470477465;4.799807065907201
0;0.19064800000001014;65.09213700000001;15.0;387.0618063441673;4.742215189873417;-0.27582278481012684;0.665;4.750229796092667;4.796551690088056
0;0.19127699999999948;65.092766;15.0;385.0576212816398;4.747405063291138;-0.2729746835443048;0.672;4.755246577499262;4.802494561456416
0;0.1919199999999961;65.093409;15.0;385.6379365600859;4.746518987341772;-0.2713924050632918;0.6685;4.754271377900298;4.801040364829481
0;0.19252099999999928;65.09401;15.0;388.14161881887765;4.747025316455695;-0.27740506329113984;0.63;4.755123860028344;4.796676237167864
0;0.193160000000006;65.094649;15.0;392.1887487821496;4.748037974683545;-0.2837974683544309;0.5635;4.756511916528897;4.789774301789324
0;0.19379200000000196;65.095281;15.0;395.44593639422754;4.746329113924052;-0.2815189873417726;0.5215;4.754670650835556;4.783184634520919
0;0.19443099999999447;65.09591999999999;15.0;394.4542290210175;4.749113924050635;-0.27873417721519145;0.525;4.757286601116171;4.786167653264922
0;0.1950470000000024;65.096536;15.0;391.28436315981475;4.750949367088607;-0.276962025316456;0.5670000000000001;4.759015428857846;4.792673246958009
0;0.19568200000000502;65.097171;15.0;373.12866065941955;4.752974683544304;-0.2742405063291138;0.798;4.760879771399896;4.827295329449476
0;0.1974390000000028;65.098928;15.0;338.0569534708682;4.758354430379746;-0.2800632911392412;1.1375;4.766589171740973;4.900436570567799
0;0.19877300000000275;65.100262;15.0;320.7685359510033;4.760759493670884;-0.28993670886076056;1.2845;4.769580091760957;4.939517638567804
0;0.19939399999999807;65.100883;15.0;327.1350598654168;4.7608227848101246;-0.2895569620253175;1.2285;4.769620196894566;4.925290760211478
0;0.20003499999999974;65.101524;15.0;326.5752731859832;4.76246835443038;-0.29620253164556826;1.2285;4.771670647341878;4.92727642990568
0;0.200681000000003;65.10217;15.0;326.1160661496652;4.75892405063291;-0.2996835443037965;1.2389999999999999;4.768350694571324;4.926691521337502
0;0.20132200000000466;65.102811;15.0;328.1783755564336;4.755759493670883;-0.3087974683544298;1.2249999999999999;4.765774253791595;4.920693979318653
0;0.20193999999999335;65.10342899999999;15.0;327.67941473479544;4.751329113924052;-0.3067088607594921;1.2389999999999999;4.761218192237224;4.919788580222803
0;0.2025639999999953;65.104053;15.0;338.0708455118128;4.755949367088606;-0.31367088607595045;1.1340000000000001;4.766281968902195;4.899326464635949
0;0.20319399999999632;65.104683;15.0;326.2280256503723;4.760759493670884;-0.32246835443037963;1.2285;4.771668135588066;4.9272739974743125
0;0.20382100000000491;65.10531;15.0;326.59295501121306;4.762658227848103;-0.32177215189873437;1.2214999999999998;4.773515550726401;4.927323103169385
0;0.20444399999999519;65.105933;15.0;325.5665717467779;4.759177215189871;-0.3305063291139246;1.2355;4.770639600637086;4.928028251660777
0;0.20506400000000724;65.106553;15.0;323.3340843435943;4.764936708860761;-0.33468354430379815;1.2425;4.776676136632729;4.935629763695467
0;0.2056960000000032;65.107185;15.0;334.69259252363594;4.760949367088607;-0.34645569620253097;1.1445;4.773538564357953;4.908823756809016
0;0.20632400000000928;65.10781300000001;15.0;334.5487214813182;4.763481012658228;-0.3437341772151906;1.141;4.77586688911461;4.910273469221574
0;0.2069620000000043;65.108451;15.0;343.2295854571581;4.765443037974684;-0.355253164556962;1.05;4.778666357793681;4.892663094788882
0;0.20759599999999523;65.109085;15.0;326.8332583396087;4.771708860759493;-0.35816455696202476;1.1900000000000002;4.785131900137599;4.930880986366885
0;0.2081230000000005;65.109612;15.0;318.362513135477;4.779430379746836;-0.36430379746835445;1.2494999999999998;4.793294484141033;4.953475775826188
0;0.20821399999999812;65.109703;15.0;361.3256529540977;4.768164556962026;-0.3538607594936696;0.854;4.7812770971131044;4.856946229821606
0;0.20884800000000325;65.110337;15.0;391.1250052161819;4.766075949367089;-0.35424050632911264;0.441;4.779222352167736;4.799525736097235
0;0.20995200000000125;65.111441;15.0;401.57168681290005;4.766202531645572;-0.36164556962025307;0.098;4.779903146580548;4.7809076638950705
0;0.21058399999999722;65.112073;15.0;400.91137339969185;4.769113924050635;-0.36031645569620147;0.077;4.782705883578784;4.783325680822823
0;0.21121899999999982;65.112708;15.0;402.3459308779884;4.764936708860761;-0.35202531645569696;0.1015;4.777922525834272;4.779000514006516
0;0.2118470000000059;65.113336;15.0;402.4254836045145;4.765063291139239;-0.35291139240506286;0.08750000000000001;4.778114127922438;4.778915239827131
0;0.21249300000000915;65.11398200000001;15.0;402.5454801974855;4.763860759493671;-0.3583544303797454;0.091;4.777320089089322;4.778186709790274
0;0.21313600000000577;65.114625;15.0;402.98826435084624;4.7628481012658215;-0.35563291139240505;0.091;4.776106866831696;4.776973707630897
0;0.21377499999999827;65.115264;15.0;403.41537290926846;4.761708860759493;-0.35512658227848215;0.08750000000000001;4.774933105717426;4.7757347512269
0;0.21438000000000557;65.115869;15.0;404.63166616969687;4.758607594936711;-0.34924050632911396;0.091;4.771405995495496;4.772273690165974
0;0.215012999999999;65.116502;15.0;404.877014084002;4.7576582278481006;-0.34784810126582155;0.1015;4.770357440964458;4.771437138280768
0;0.21563199999999938;65.117121;15.0;405.01510467542454;4.757848101265823;-0.3430379746835453;0.1015;4.770198487148495;4.771278220434623
0;0.2162569999999988;65.117746;15.0;403.74747260546934;4.762215189873417;-0.34575949367088565;0.077;4.774750584284445;4.775371414049869
0;0.21687400000000423;65.118363;15.0;403.84989211670535;4.760379746835443;-0.3532278481012669;0.0945;4.773466795396751;4.774402108825285
0;0.21749900000000366;65.118988;15.0;404.4865645951417;4.758860759493669;-0.34981012658227945;0.0945;4.771700205682265;4.772635865316793
0;0.21813600000000122;65.119625;15.0;404.4219392715473;4.757025316455698;-0.3488607594936709;0.14350000000000002;4.769800173059132;4.771958292034301
0;0.21875300000000664;65.120242;15.0;403.15853472204543;4.760569620253164;-0.3471518987341763;0.154;4.773210402870598;4.775694038574089
0;0.21936900000000037;65.120858;15.0;388.7262547101153;4.758544303797469;-0.3452531645569628;0.532;4.771052676175346;4.800621588798677
0;0.22000200000000802;65.121491;15.0;380.9587789457127;4.760886075949365;-0.3490506329113933;0.637;4.77366448051226;4.815977737957723
0;0.2206249999999983;65.122114;15.0;376.86050002022455;4.7651898734177225;-0.34341772151898653;0.679;4.777548561885698;4.82555812949923
0;0.22127100000000155;65.12276;15.0;376.64724311535355;4.765569620253164;-0.34613924050633055;0.679;4.7781237090826965;4.826127555224601
0;0.22191899999999976;65.123408;15.0;378.16130239279715;4.761202531645571;-0.33974683544303763;0.679;4.773308858595026;4.821360644003076
0;0.22254100000000676;65.12403;15.0;377.1035401220964;4.762531645569619;-0.3365189873417726;0.6895;4.77440600534701;4.823936458318413
0;0.22317100000000778;65.12466;15.0;378.0746802630066;4.765379746835442;-0.3370886075949381;0.665;4.777287186355841;4.823349236880915
0;0.22381100000001197;65.12530000000001;15.0;377.8744430123202;4.764303797468353;-0.3370886075949381;0.672;4.7762139194074695;4.82325651442484
0;0.22444199999999626;65.125931;15.0;378.33131919741595;4.771139240506328;-0.3320886075949376;0.6405;4.782682562704078;4.825380062294953
0;0.2250630000000058;65.126552;15.0;377.8387844148264;4.76512658227848;-0.3315189873417721;0.672;4.7766448668605355;4.82368325909829
0;0.22570300000000998;65.12719200000001;15.0;376.2925796940969;4.766139240506328;-0.3299999999999999;0.6895;4.777549922281737;4.827048115556155
0;0.22697000000000855;65.128459;15.0;381.96004673961704;4.758481012658229;-0.3349367088607596;0.6405;4.770254096667322;4.813061852581096
0;0.22757099999999753;65.12906;15.0;377.35775918474826;4.7646202531645585;-0.3415189873417713;0.6755;4.7768442904893655;4.824369557318433
0;0.22915000000000418;65.130639;15.0;377.11802866299877;4.7554430379746835;-0.34803797468354397;0.7105;4.768162006396564;4.820806900223625
0;0.22977799999999604;65.131267;15.0;368.98428180262846;4.764050632911392;-0.34854430379746865;0.7805;4.7767836003584145;4.840128284937611
0;0.23041600000000528;65.131905;15.0;375.2359389028199;4.768037974683544;-0.3574683544303795;0.6825;4.781419219483219;4.829883642743737
0;0.23104299999999967;65.132532;15.0;361.3895813535213;4.762721518987342;-0.35835443037974724;0.868;4.776184058974056;4.854416356803141
0;0.23281900000000633;65.134308;15.0;324.66582697107776;4.763860759493673;-0.3622151898734167;1.2249999999999999;4.777611241993081;4.932159180279837
0;0.23321500000000128;65.134704;15.0;310.7164217940973;4.764430379746835;-0.3596835443037988;1.3475000000000001;4.777987975654345;4.96436555316966
0;0.23385199999999884;65.135341;15.0;308.6201042233741;4.763987341772151;-0.3649367088607589;1.365;4.77794455744721;4.9691024535663795
0;0.2344839999999948;65.13597299999999;15.0;308.62192103888924;4.766772151898736;-0.3589240506329109;1.3615;4.780266020028597;4.970374781869073
0;0.235116000000005;65.136605;15.0;304.46212324095654;4.7653797468354435;-0.35791139240506153;1.4000000000000001;4.778801596254313;4.979653069879745
0;0.23573500000000536;65.137224;15.0;311.8877353880724;4.765569620253164;-0.3530379746835445;1.337;4.778628424249844;4.9621425429998025
0;0.23637600000000702;65.137865;15.0;305.5614240516956;4.764873417721518;-0.3520253164556951;1.393;4.7778594067149855;4.976785057678789
0;0.2370119999999929;65.13850099999999;15.0;312.943926870798;4.763607594936707;-0.34544303797468345;1.3335;4.776116436083176;4.958781146715779
0;0.23763100000000748;65.13912;15.0;313.29391434824527;4.763734177215188;-0.34632911392405114;1.33;4.7763068542881;4.9580245225613275
0;0.23826000000001102;65.13974900000001;15.0;309.310485129033;4.780316455696202;-0.3601898734177217;1.33;4.793867140577904;4.974943432996255
0;0.2388830000000013;65.140372;15.0;309.02586893429395;4.781012658227848;-0.36462025316455665;1.33;4.794896241541906;4.975935084700432
0;0.2394960000000026;65.140985;15.0;311.30669821207766;4.770063291139241;-0.3401265822784807;1.337;4.782174180584242;4.965557259104618
0;0.24013000000000773;65.141619;15.0;316.0191678139133;4.77506329113924;-0.34563291139240404;1.2845;4.787555905033705;4.956877221983928
0;0.240752999999998;65.142242;15.0;299.8417884935245;4.775696202531645;-0.34582278481012646;1.4244999999999999;4.788200874793057;4.995604855006949
0;0.24137900000000911;65.142868;15.0;321.87988418671677;4.775886075949365;-0.33898734177215156;1.232;4.78790144304671;4.94386733522743
0;0.24200199999999938;65.143491;15.0;329.97639584274725;4.778227848101264;-0.3415822784810121;1.1515;4.79042167469031;4.926874472862355
0;0.2425450000000069;65.144034;15.0;348.00404281631626;4.776012658227847;-0.36031645569620147;0.9730000000000001;4.789585040459987;4.88741791335651
0;0.2426330000000121;65.14412200000001;15.0;327.56117556554244;4.773101265822784;-0.34911392405063413;1.183;4.785851671935215;4.929895052205989
0;0.24325699999999983;65.144746;15.0;306.87736070363917;4.777088607594937;-0.3444303797468359;1.3615;4.789489310073245;4.979245937017561
0;0.2450589999999977;65.146548;15.0;307.36110787816887;4.772911392405062;-0.34417721518987265;1.365;4.785304704530933;4.976179871669219
0;0.24569100000000788;65.14718;15.0;307.9898311018284;4.771139240506328;-0.34924050632911396;1.3615;4.783904115213883;4.973873825657455
0;0.24633300000000702;65.147822;15.0;306.6503619557995;4.767658227848101;-0.35075949367088616;1.379;4.780543609252817;4.97546361658569
0;0.24694399999999916;65.148433;15.0;300.4447295384383;4.7690506329113935;-0.35740506329114047;1.428;4.782424313937305;4.991068654961451
0;0.24756999999999607;65.149059;15.0;298.172987772064;4.770063291139239;-0.35784810126582256;1.4455;4.783467263926206;4.9971020917181255
0;0.2481999999999971;65.149689;15.0;298.67193163753706;4.76981012658228;-0.35658227848101354;1.442;4.783120274985104;4.995758557513922
0;0.24883800000000633;65.150327;15.0;306.2690588408626;4.775316455696202;-0.36386075949367236;1.365;4.789158788800205;4.979886234076261
0;0.24945999999999913;65.150949;15.0;297.62970909135;4.769999999999999;-0.3627848101265822;1.4489999999999998;4.783776000029534;4.998411129394877
0;0.2501010000000008;65.15159;15.0;297.8047942103864;4.7718354430379755;-0.3721518987341769;1.442;4.786325368292975;4.998827315597618
0;0.2507319999999993;65.152221;15.0;299.9969666342972;4.775443037974685;-0.370063291139241;1.4175;4.789760228695138;4.995108537198135
0;0.2513720000000035;65.152861;15.0;302.5612532595837;4.77373417721519;-0.37708860759493656;1.3965;4.7886045788611815;4.988080398579225
0;0.2519900000000064;65.153479;15.0;299.30439748900375;4.7725316455696225;-0.3720253164556971;1.428;4.787009624394696;4.995462455473712
0;0.25260500000000263;65.154094;15.0;299.2585612558622;4.773037974683543;-0.3834177215189887;1.4244999999999999;4.788413166900492;4.995808333687952
0;0.2532430000000119;65.15473200000001;15.0;298.01464050732454;4.774873417721522;-0.38537974683544296;1.4315;4.790400161211436;4.999712587192843
0;0.2538860000000085;65.155375;15.0;318.944141604857;4.7794303797468345;-0.39284810126582415;1.2355;4.795548392573589;4.952145457830892
0;0.255747999999997;65.157237;15.0;290.46258548907724;4.776329113924051;-0.4212658227848105;1.484;4.7948706654053845;5.019266948266956
0;0.2563729999999964;65.157862;15.0;293.193730116083;4.768481012658227;-0.42170886075949254;1.4735;4.787091970217942;5.008737543665579
0;0.25700199999999995;65.158491;15.0;283.01842564555164;4.7735443037974665;-0.4264556962025316;1.5505;4.792555652378053;5.037126157953643
0;0.25762500000000443;65.159114;15.0;283.93130975526395;4.770759493670886;-0.4393670886075954;1.5435;4.7909487145034655;5.033446317882253
0;0.2582610000000045;65.15975;15.0;288.13223499749296;4.77132911392405;-0.44575949367088646;1.505;4.79210632598829;5.022878461557375
0;0.2588750000000033;65.160364;15.0;286.9231045615808;4.765000000000001;-0.4437341772151896;1.526;4.785616472308332;5.023027077373647
0;0.25953400000000215;65.161023;15.0;284.59426533377285;4.764556962025314;-0.4414556962025313;1.547;4.784964595072105;5.028826421352555
0;0.26095399999999813;65.162443;15.0;263.18050663019807;4.751012658227847;-0.47310126582278444;1.736;4.774510036261768;5.080319092966932
0;0.26163300000000334;65.163122;15.0;264.28637478553384;4.759810126582277;-0.46;1.7185;4.781986244346087;5.0814008591248925
0;0.2622560000000078;65.163745;15.0;304.1116107240246;4.756898734177213;-0.4556962025316466;1.3895;4.778676029636089;4.976590685019066
0;0.26287700000000314;65.164366;15.0;337.28218517191436;4.755569620253163;-0.4501898734177215;1.0955;4.77683088827757;4.900840089739991
0;0.26351499999999817;65.165004;15.0;357.79140190313154;4.755569620253165;-0.4591772151898749;0.882;4.777686273503563;4.858416421842035
0;0.2641370000000052;65.165626;15.0;363.9460838895774;4.749936708860759;-0.46012658227848163;0.8294999999999999;4.772170911639928;4.84372640225501
0;0.26478099999999927;65.16627;15.0;369.9443011699144;4.750632911392406;-0.4658860759493682;0.7525;4.773422555626957;4.8323719998121195
0;0.265420000000006;65.166909;15.0;366.10968714543066;4.75006329113924;-0.46449367088607585;0.8015;4.7727199415136194;4.839551414141787
0;0.2660539999999969;65.167543;15.0;369.5828482258797;4.747215189873417;-0.4637341772151897;0.77;4.769811468609881;4.831563043786384
0;0.2667119999999983;65.168201;15.0;353.2709139929632;4.7510126582278485;-0.47025316455696065;0.9380000000000001;4.774228662037156;4.865501342864586
0;0.2687209999999993;65.17021;15.0;332.0900215542618;4.747721518987342;-0.4925316455696209;1.1445;4.773200922205454;4.908495420568609
0;0.269116000000011;65.17060500000001;15.0;325.9254742717051;4.746139240506331;-0.4938607594936707;1.204;4.771764468206879;4.921316098366541
0;0.2697469999999953;65.171236;15.0;322.7077018208751;4.74227848101266;-0.49841772151898733;1.2389999999999999;4.768398621822626;4.926737908251251
0;0.2703649999999982;65.171854;15.0;331.5595154601404;4.741708860759494;-0.5020253164556954;1.1585;4.768210601322842;4.906929242262165
0;0.2710000000000008;65.172489;15.0;331.0632984990282;4.744493670886075;-0.5066455696202529;1.155;4.771468319741194;4.909270304871575
0;0.2716350000000034;65.173124;15.0;326.7779409956594;4.741329113924049;-0.5160126582278476;1.197;4.769326035195663;4.917243112760969
0;0.27226399999999273;65.17375299999999;15.0;318.3901577462757;4.7439873417721525;-0.5242405063291131;1.2635;4.772865387518342;4.937274172797235
0;0.27289000000000385;65.174379;15.0;320.0740203965519;4.7431012658227845;-0.5260126582278467;1.2494999999999998;4.772179683799179;4.933046643248534
0;0.27353000000000804;65.175019;15.0;324.10675207539504;4.74278481012658;-0.5325949367088603;1.2109999999999999;4.772595218722759;4.923838555616475
0;0.27416100000000654;65.17565;15.0;314.83239493775096;4.747974683544302;-0.5311392405063289;1.2845;4.777590657264732;4.947253049762389
0;0.2747849999999943;65.17627399999999;15.0;315.6833827979279;4.7429113924050625;-0.5365189873417724;1.2845;4.773160493843044;4.942974949358328
0;0.27543099999999754;65.17692;15.0;316.41558715777876;4.742215189873417;-0.5409493670886074;1.2774999999999999;4.772968795709829;4.940975346510013
0;0.27605599999999697;65.177545;15.0;313.89549427894207;4.745126582278481;-0.5390506329113921;1.295;4.775646748524019;4.948113465421749
0;0.2766799999999989;65.178169;15.0;312.78146897753913;4.746708860759495;-0.5470253164556962;1.2985;4.778125333816198;4.951422417412612
0;0.27731400000000406;65.178803;15.0;299.38175387888697;4.747278481012657;-0.5479113924050639;1.4140000000000001;4.77879272099273;4.983598686713558
0;0.27793600000001106;65.17942500000001;15.0;319.0410052106607;4.748797468354429;-0.5533544303797465;1.2355;4.780928625389667;4.937989344973349
0;0.2784819999999968;65.179971;15.0;307.53442824798276;4.7454430379746855;-0.5710126582278475;1.337;4.779674160705816;4.963149613150791
0;0.2785729999999944;65.18006199999999;15.0;307.16717640580936;4.749050632911394;-0.5629746835443045;1.337;4.782303044378087;4.96568136394875
0;0.27921499999999355;65.18070399999999;15.0;307.47848669188915;4.747721518987342;-0.5622784810126591;1.337;4.780901244751389;4.964331345918137
0;0.2798620000000085;65.181351;15.0;319.5864668385947;4.750632911392405;-0.5573417721518994;1.2249999999999999;4.783214704546524;4.937587255916608
0;0.2808130000000091;65.182302;15.0;319.64205072620854;4.752784810126584;-0.5542405063291143;1.2214999999999998;4.784991744008128;4.938441883856278
0;0.2814429999999959;65.182932;15.0;311.16294479392644;4.757025316455696;-0.5510126582278474;1.2915;4.788831257303574;4.9599271225419965
0;0.2820740000000086;65.183563;15.0;312.0494934328421;4.753037974683543;-0.5584810126582286;1.288;4.785736205672393;4.956028150675054
0;0.28271100000000615;65.1842;15.0;311.47701510396433;4.751835443037975;-0.5594936708860762;1.295;4.784660201672997;4.956813315576197
0;0.2833490000000012;65.184838;15.0;311.34776336367423;4.751708860759494;-0.5627215189873412;1.295;4.784913019622374;4.9570573534458635
0;0.28397200000000566;65.185461;15.0;305.6890973500386;4.753924050632913;-0.564367088607595;1.3405;4.787306559004703;4.97144288309636
0;0.28460800000000575;65.186097;15.0;306.50023109454185;4.750189873417721;-0.5718987341772153;1.337;4.784492867135843;4.967790353434187
0;0.2852400000000017;65.186729;15.0;311.65226047678084;4.7510126582278485;-0.5754430379746825;1.288;4.785734632070063;4.9560266311426115
0;0.2858669999999961;65.187356;15.0;305.36739884249926;4.75626582278481;-0.5773417721518977;1.3335;4.791178153529919;4.973289690824612
0;0.28651299999999935;65.188002;15.0;307.20941978067594;4.755379746835442;-0.5755063291139252;1.3195000000000001;4.790077668625312;4.968493164075292
0;0.2871200000000016;65.188609;15.0;310.8965045285859;4.760822784810126;-0.5638607594936703;1.281;4.794097677818426;4.962291158775755
0;0.28773999999999944;65.189229;15.0;306.5226891042525;4.759936708860761;-0.5618354430379753;1.323;4.792979922492258;4.972221388616348
0;0.28837500000000205;65.189864;15.0;306.53656251277647;4.762721518987342;-0.5656962025316465;1.316;4.796199376692322;4.973468051670165
0;0.2890080000000097;65.19049700000001;15.0;326.6999183116935;4.762278481012658;-0.563164556962025;1.1305;4.795461463606445;4.9269139325681826
0;0.2896350000000041;65.191124;15.0;335.1449369497983;4.763670886075949;-0.5579113924050632;1.0465;4.796230335651424;4.909071977739069
0;0.29026299999999594;65.191752;15.0;351.60987439722174;4.761898734177216;-0.5584810126582286;0.875;4.794536536106314;4.8737260485236895
0;0.29090200000000266;65.192391;15.0;337.5017454614861;4.759556962025318;-0.5583544303797452;1.0325;4.792195962676022;4.9021626242596605
0;0.2915360000000078;65.193025;15.0;328.7736665348263;4.757088607594937;-0.5604430379746846;1.1235;4.789988352733629;4.919983807831468
0;0.292152999999999;65.193642;15.0;337.9573307149397;4.763037974683544;-0.5595569620253169;1.0185;4.7957934423855795;4.902751981492489
0;0.2928110000000004;65.1943;15.0;337.0621616496568;4.763291139240508;-0.5494303797468362;1.0325;4.794873952394983;4.904780573007919
0;0.29346099999999353;65.19494999999999;15.0;340.61854695348825;4.761645569620254;-0.5478481012658232;1.001;4.793058112806975;4.896468837105446
0;0.2941009999999977;65.19559;15.0;328.63591997291115;4.7581645569620274;-0.551139240506329;1.127;4.789977496142914;4.92077366006155
0;0.2947279999999921;65.19621699999999;15.0;328.7314396533139;4.763607594936709;-0.5526582278481011;1.113;4.795559241146636;4.923023200772763
0;0.2953559999999982;65.196845;15.0;349.7793002467398;4.765126582278482;-0.5651898734177201;0.882;4.798527997016475;4.878913294797412
0;0.2959819999999951;65.197471;15.0;335.29442431225647;4.761645569620254;-0.5707594936708861;1.043;4.795730906785705;4.907839028564368
0;0.29672800000000166;65.198217;15.0;337.5303667259564;4.763037974683546;-0.5737341772151897;1.015;4.797468254650814;4.903664614793953
0;0.2973620000000068;65.198851;15.0;339.49928494943697;4.761772151898735;-0.5681012658227848;1.001;4.795540957475784;4.898899271757663
0;0.2979969999999952;65.199486;15.0;335.141187008747;4.762025316455697;-0.5718987341772153;1.043;4.796243663192945;4.908340073458488
0;0.2986180000000047;65.200107;15.0;322.3866919028681;4.767594936708861;-0.5668354430379757;1.1585;4.801173179548518;4.938966101322829
0;0.2992490000000032;65.200738;15.0;327.1985812599239;4.76525316455696;-0.5610759493670892;1.12;4.798170895589099;4.927153736517493
0;0.2998809999999992;65.20137;15.0;333.08303548250933;4.765379746835442;-0.5562658227848093;1.064;4.797736528525496;4.914302778334672
0;0.3016290000000055;65.203118;15.0;331.8413950751138;4.77126582278481;-0.5463291139240509;1.0675;4.802442404901432;4.919655404842441
0;0.30201999999999884;65.203509;15.0;328.2142087264248;4.768987341772153;-0.5450632911392419;1.1095;4.800034818345651;4.926593600788538
0;0.3026449999999983;65.204134;15.0;327.3586098020857;4.7672784810126565;-0.5414556962025321;1.1235;4.7979285516227215;4.92771454494642
0;0.30326800000000276;65.204757;15.0;326.3605308686453;4.768037974683542;-0.5361392405063276;1.1340000000000001;4.798086224030894;4.930272549589429
0;0.3038920000000047;65.205381;15.0;305.36492873650815;4.767025316455695;-0.5380379746835445;1.33;4.797292489512297;4.978244191472641
0;0.30452900000000227;65.206018;15.0;325.60714260539754;4.766139240506328;-0.5382278481012652;1.1445;4.796433307820088;4.931090419609638
0;0.30517799999999795;65.206667;15.0;331.70617251837933;4.763417721518987;-0.5371518987341787;1.092;4.793608301894813;4.916415823747506
0;0.30581800000000214;65.207307;15.0;326.63183194312165;4.766075949367089;-0.5398734177215191;1.1340000000000001;4.7965553538240036;4.928782736365817
0;0.30643899999999746;65.207928;15.0;327.4495032613119;4.766772151898732;-0.5346835443037979;1.127;4.796665846258893;4.927284469225066
0;0.307068000000001;65.208557;15.0;330.37411108376324;4.767911392405061;-0.5353797468354432;1.0955;4.7978756256438695;4.921354566493615
0;0.3076950000000096;65.20918400000001;15.0;322.5126426029646;4.766645569620254;-0.5314556962025329;1.1760000000000002;4.796181308437632;4.938251830699454
0;0.3083129999999983;65.209802;15.0;322.13192181991786;4.774240506329112;-0.5340506329113934;1.1620000000000001;4.804017328318739;4.9425526290356
0;0.30895399999999995;65.210443;15.0;324.39032279095846;4.7717088607594915;-0.5293670886075952;1.1480000000000001;4.800982708399555;4.936328490523248
0;0.3095739999999978;65.211063;15.0;329.64106733563347;4.774936708860761;-0.5309493670886082;1.0885;4.804365494426691;4.926130332628018
0;0.3101920000000007;65.211681;15.0;319.5259483953421;4.779113924050632;-0.5272784810126575;1.1795;4.808113194964699;4.950673968824209
0;0.31081500000000517;65.212304;15.0;325.4245299256869;4.776835443037975;-0.5131012658227847;1.1340000000000001;4.8043136615808875;4.936333230126665
0;0.31133800000000633;65.212827;15.0;321.8172857597103;4.769430379746836;-0.5327848101265826;1.1760000000000002;4.799096352559892;4.941083059527907
0;0.31142900000000395;65.212918;15.0;310.13227578085866;4.780886075949367;-0.512151898734178;1.2705;4.808239931470097;4.973262660325067
0;0.31206400000000656;65.213553;15.0;303.34729382472557;4.780316455696202;-0.5123417721518987;1.3335;4.807693782687458;4.989202517245781
0;0.31269500000000505;65.214184;15.0;302.4995103745404;4.780632911392404;-0.512531645569621;1.3405;4.808028673084065;4.991400602155522
0;0.31333000000000766;65.214819;15.0;303.14339838290294;4.7806962025316455;-0.5061392405063282;1.337;4.807414389428149;4.9898699493755165
0;0.3139730000000043;65.215462;15.0;301.72392623750636;4.7751265822784825;-0.502088607594938;1.3615;4.801450494033986;4.990752357777253
0;0.31461299999999426;65.21610199999999;15.0;308.53711463274516;4.7810759493670885;-0.49506329113923886;1.2915;4.806638627549405;4.977122376017093
0;0.3152469999999994;65.216736;15.0;302.7112081925958;4.784113924050631;-0.490126582278481;1.3405;4.809154822310372;4.992485388556596
0;0.3160349999999994;65.217524;15.0;307.2980191144268;4.784493670886074;-0.4890506329113926;1.2985;4.809423063975546;4.981631505671604
0;0.3166670000000096;65.21815600000001;15.0;302.3171387490907;4.794240506329111;-0.48632911392405226;1.3265;4.8188440563663155;4.998085662488886
0;0.31729400000000396;65.218783;15.0;297.2864174317251;4.787278481012659;-0.4830379746835446;1.3860000000000001;4.8115861147602095;5.007230466011451
0;0.31794700000000375;65.219436;15.0;302.857135790169;4.7903164556962015;-0.48348101265822846;1.33;4.81465322067071;4.994976039513587
0;0.31854699999999525;65.220036;15.0;303.5400853360994;4.78613924050633;-0.48797468354430246;1.33;4.81095085417578;4.991407428901659
0;0.31917400000000384;65.220663;15.0;303.50168917333326;4.787974683544304;-0.48905063291139084;1.3265;4.812886046003189;4.99234156902472
0;0.32050600000000884;65.221995;15.0;302.12722660778377;4.7929113924050615;-0.48835443037974735;1.33;4.817726607552337;4.997938541550681
0;0.32112700000000416;65.222616;15.0;301.6484008167556;4.795253164556961;-0.48829113924050654;1.33;4.820049911448463;5.000178111713056
0;0.32175900000000013;65.223248;15.0;301.4059288536671;4.795126582278483;-0.4854430379746845;1.3335;4.81963628121374;5.0007115626870355
0;0.322386999999992;65.22387599999999;15.0;324.50359501154804;4.793860759493672;-0.47765822784810286;1.12;4.81759881725785;4.9460750463417185
0;0.32302800000000786;65.224517;15.0;335.58952329257846;4.79518987341772;-0.4749367088607589;1.0045;4.818652384178728;4.9222384186009664
0;0.32366300000001047;65.22515200000001;15.0;344.7485213211623;4.800379746835441;-0.47468354430379744;0.889;4.823792095546896;4.905027133570283
0;0.3242999999999938;65.22578899999999;15.0;353.9653580890301;4.803670886075949;-0.47322784810126606;0.7665;4.826924339364793;4.887404303712988
0;0.32493000000000904;65.226419;15.0;351.4440483010527;4.801265822784809;-0.46405063291139376;0.812;4.823639340886397;4.891506975457252
0;0.32554700000000025;65.227036;15.0;351.6661993972028;4.80253164556962;-0.45810126582278476;0.8085;4.824330728344201;4.891609063124943
0;0.32618600000000697;65.227675;15.0;348.2242654868794;4.806518987341772;-0.45443037974683403;0.84;4.827953163164886;4.900482807409269
0;0.3268269999999944;65.22831599999999;15.0;356.6282103632531;4.804113924050631;-0.4535443037974699;0.742;4.825475420180304;4.8821897782413455
0;0.32745700000000966;65.22894600000001;15.0;351.694398966106;4.805696202531644;-0.45145569620253223;0.8015;4.82685490114016;4.892947014495537
0;0.32809600000000216;65.229585;15.0;355.2023596871834;4.803544303797469;-0.45316455696202507;0.763;4.824872640208413;4.884830088573369
0;0.328708000000006;65.230197;15.0;351.1692475985908;4.8034177215189855;-0.44506329113924115;0.8190000000000001;4.823992448224016;4.893021984471593
0;0.32935799999999915;65.230847;15.0;355.5891088913293;4.805379746835442;-0.43962025316455683;0.7595;4.8254471791004745;4.88485217056655
0;0.3299899999999951;65.231479;15.0;348.1643057747553;4.802848101265824;-0.4374683544303783;0.861;4.822730393144609;4.8989845320189325
0;0.3310369999999949;65.232526;15.0;348.93571684237264;4.804493670886077;-0.42310126582278496;0.854;4.823087612175962;4.898110872032729
0;0.3316740000000067;65.233163;15.0;348.47056732818874;4.806708860759495;-0.4204430379746836;0.854;4.825061908440681;4.900054940537425
0;0.33229799999999443;65.23378699999999;15.0;351.6311383626981;4.811075949367088;-0.4201898734177221;0.8015;4.829390367354996;4.895448250191317
0;0.33293199999999956;65.234421;15.0;353.0800355039428;4.801962025316458;-0.42291139240506254;0.812;4.820549070220873;4.888459607934521
0;0.3335870000000085;65.235076;15.0;339.5255101741609;4.807911392405063;-0.41462025316455614;0.9555;4.8257560973957885;4.919441244852166
0;0.3354240000000033;65.236913;15.0;338.1327834644904;4.809113924050633;-0.4099367088607597;0.9695;4.826554137246289;4.922962024002345
0;0.3358170000000058;65.237306;15.0;330.14971351014003;4.808354430379746;-0.4076582278481014;1.057;4.82560437239573;4.940010785300451
0;0.33645500000000084;65.237944;15.0;335.4777532766903;4.806835443037973;-0.4090506329113938;1.0045;4.824208680885527;4.92767791629397
0;0.33709000000000344;65.238579;15.0;331.6606531520762;4.8074050632911405;-0.4004430379746852;1.0465;4.824054111348637;4.9362597499746395
0;0.337727000000001;65.239216;15.0;339.51822391030544;4.80645569620253;-0.3908227848101273;0.9695;4.822318820721469;4.918809719707045
0;0.3383529999999979;65.239842;15.0;332.0019794681072;4.8046835443037965;-0.3808227848101263;1.057;4.819752063574872;4.934294169821479
0;0.3389750000000049;65.240464;15.0;331.2049971742412;4.810506329113922;-0.38310126582278464;1.05;4.8257370133814925;4.938647357558558
0;0.3396199999999965;65.241109;15.0;331.88105696545546;4.807721518987339;-0.3923417721518977;1.0465;4.823703791725734;4.93591739399164
0;0.3402499999999975;65.241739;15.0;334.91894876046115;4.809620253164556;-0.3881012658227851;1.0114999999999998;4.8252533168926925;4.9301320288795445
0;0.3408629999999988;65.242352;15.0;331.028838364604;4.8116455696202545;-0.38987341772151873;1.0465;4.827414874391063;4.939544171225932
0;0.34149999999999636;65.242989;15.0;339.47419497584;4.8034177215189855;-0.38613924050632903;0.9800000000000001;4.81891329248218;4.9175527775979635
0;0.3421390000000031;65.243628;15.0;335.6761783158339;4.805000000000001;-0.38917721518987347;1.015;4.820734788890896;4.926429630556286
0;0.34278500000000633;65.244274;15.0;336.862153134784;4.803417721518987;-0.394556962025317;1.0045;4.819595107857641;4.923161306892686
0;0.34339400000000353;65.244883;15.0;332.7074043254789;4.805253164556962;-0.3858860759493676;1.0465;4.820722564003896;4.933003982270468
0;0.3440270000000112;65.24551600000001;15.0;331.7724693511992;4.808354430379747;-0.3816455696202532;1.05;4.82347651274092;4.936438561246692
0;0.34466399999999453;65.24615299999999;15.0;332.53184467279846;4.8046835443037965;-0.3851265822784815;1.05;4.820094028676328;4.933133532074841
0;0.34520299999999793;65.246692;15.0;350.7994762272018;4.80120253164557;-0.39075949367088647;0.8574999999999999;4.817077820813544;4.892805430606633
0;0.3452960000000047;65.246785;15.0;330.3772100616018;4.808354430379746;-0.38259493670885997;1.064;4.823551721889979;4.9395088028819005
0;0.3459349999999972;65.247424;15.0;309.28310679931684;4.8008227848101255;-0.38208860759493707;1.2845;4.816003645680294;4.984358671404566
0;0.34655999999999665;65.248049;15.0;312.2296036162811;4.80512658227848;-0.390189873417721;1.246;4.820942813292541;4.979357951487019
0;0.3471619999999973;65.248651;15.0;308.139864303651;4.807721518987341;-0.3950632911392399;1.2774999999999999;4.823925912380881;4.99021717544835
0;0.34779500000000496;65.249284;15.0;306.16932921489524;4.811392405063292;-0.39702531645569594;1.288;4.82774543419674;4.9966058457124145
0;0.34842199999999934;65.249911;15.0;312.27536201485594;4.806645569620253;-0.39006329113924115;1.2425;4.822446578557857;4.979939482869685
0;0.3490599999999944;65.25054899999999;15.0;307.1787033275051;4.811645569620251;-0.38746835443038063;1.281;4.827221231032526;4.994299331571065
0;0.3497160000000008;65.251205;15.0;306.99251031654416;4.812974683544303;-0.3844936708860752;1.281;4.828308263500771;4.995350006495023
0;0.3503600000000091;65.251849;15.0;307.10737312664793;4.8105696202531645;-0.3851265822784815;1.2845;4.825961308970491;4.993980657319387
0;0.3509899999999959;65.252479;15.0;305.45414695163186;4.811772151898733;-0.38177215189873304;1.2985;4.826893537022912;4.998500121811897
0;0.3516139999999979;65.253103;15.0;307.53230920093205;4.815759493670885;-0.37234177215189934;1.274;4.830132285576709;4.995323202373444
0;0.35226799999999514;65.253757;15.0;305.863810783309;4.81727848101266;-0.3675316455696195;1.288;4.831278451313146;5.000019547374065
0;0.3529010000000028;65.25439;15.0;304.8724008020086;4.816455696202531;-0.3562658227848095;1.302;4.829613940054251;5.002037066032832
0;0.3535230000000098;65.25501200000001;15.0;305.2770417612466;4.819746835443039;-0.35727848101265886;1.2915;4.832970874188867;5.0025573180882095
0;0.35426100000000815;65.25575;15.0;306.4733269844862;4.822468354430377;-0.3477215189873417;1.2774999999999999;4.834988240342399;5.0009116703106535
0;0.35489200000000665;65.256381;15.0;302.41823334186;4.8205063291139245;-0.3466455696202534;1.3195000000000001;4.832954005570998;5.009842778966696
0;0.3555290000000042;65.257018;15.0;327.81760268648907;4.822911392405061;-0.3453164556962018;1.0675;4.835257775296484;4.951694053913782
0;0.3561640000000068;65.257653;15.0;334.14339225754856;4.821962025316455;-0.3417088607594937;1.0045;4.834054480362785;4.937317385900517
0;0.356780999999998;65.25827;15.0;354.59534122268445;4.825822784810128;-0.34613924050633055;0.749;4.8382205328210155;4.895853237609444
0;0.35740200000000755;65.258891;15.0;351.1289084648876;4.831202531645568;-0.34360759493670895;0.777;4.843406247784377;4.905335165009292
0;0.35803699999999594;65.259526;15.0;354.8712766981164;4.82746835443038;-0.3553164556962028;0.735;4.840526882139513;4.896011182249819
0;0.35867199999999855;65.260161;15.0;358.51958450963264;4.8269620253164565;-0.35518987341772296;0.686;4.840012628085349;4.888386056770235
0;0.3593060000000037;65.260795;15.0;355.43607754860125;4.827784810126584;-0.35860759493670863;0.7244999999999999;4.841085165542459;4.894998041882679
0;0.3599410000000063;65.26143;15.0;361.83293070123847;4.825569620253166;-0.34645569620253097;0.6475;4.83799066858768;4.881127939251487
0;0.36056899999999814;65.262058;15.0;336.08112099299836;4.829556962025316;-0.34316455696202514;0.9625000000000001;4.841733404742783;4.936475322798863
0;0.36120400000000075;65.262693;15.0;304.10609863558227;4.829240506329113;-0.3415822784810121;1.288;4.841305848729467;5.0097092052276
0;0.3618400000000008;65.263329;15.0;323.76031162689225;4.823797468354429;-0.3482278481012664;1.106;4.836350343998648;4.961201532884533
0;0.36246599999999773;65.263955;15.0;326.5046303904549;4.812341772151898;-0.34582278481012646;1.106;4.8247514682615416;4.949895224193327
0;0.3631210000000067;65.26461;15.0;325.98404209782535;4.8143037974683525;-0.3477848101265826;1.106;4.826849420530226;4.95194015800605
0;0.36376599999999826;65.265255;15.0;321.377801990939;4.819113924050632;-0.3472784810126597;1.141;4.831610637908765;4.964508269340796
0;0.3643950000000018;65.265884;15.0;318.88004863948635;4.829367088607595;-0.34107594936708924;1.1445;4.841396418365559;4.974836633474798
0;0.3650310000000019;65.26652;15.0;317.24867080266404;4.828987341772152;-0.33974683544303763;1.1620000000000001;4.840924153422487;4.97843255043083
0;0.36566700000000196;65.267156;15.0;309.8016838870223;4.837594936708862;-0.3348734177215188;1.218;4.849171576420833;4.999798893712397
0;0.3663010000000071;65.26779;15.0;331.0701025170601;4.834303797468355;-0.33398734177215106;1.008;4.845827148246312;4.949556015510986
0;0.3680789999999945;65.26956799999999;15.0;320.0367246711786;4.852215189873417;-0.30924050632911365;1.0885;4.86205943398402;4.982414493957021
0;0.3684769999999986;65.269966;15.0;312.56382216173444;4.854367088607594;-0.30481012658227863;1.1620000000000001;4.863927327193908;5.000803239902933
0;0.3691089999999946;65.27059799999999;15.0;311.4483888646862;4.858544303797469;-0.31234177215189884;1.1620000000000001;4.868573726934185;5.005322580473093
0;0.3697390000000098;65.27122800000001;15.0;309.6892488412975;4.865253164556963;-0.3104430379746836;1.1655;4.875147509056366;5.012529649294704
0;0.37037999999999727;65.271869;15.0;307.6984614579203;4.868544303797468;-0.30708860759493695;1.1795;4.878219659973643;5.018789425842986
0;0.37101199999999324;65.27250099999999;15.0;312.34644161362417;4.8712658227848085;-0.31240506329113965;1.1235;4.881273157671193;5.00890006785934
0;0.37164699999999584;65.273136;15.0;308.62240233737725;4.870189873417722;-0.31018987341772214;1.1655;4.880058110382644;5.017305792027373
0;0.372281000000001;65.27377;15.0;308.4070350100574;4.877215189873418;-0.29829113924050593;1.155;4.886328438826171;5.020979049157784
0;0.37328000000000827;65.274769;15.0;313.0362506037872;4.881012658227848;-0.29037974683544265;1.099;4.889642621618957;5.011627077821403
0;0.3739220000000074;65.275411;15.0;310.8677818116387;4.883164556962025;-0.2931012658227848;1.1165;4.891953029455316;5.01774617656145
0;0.37455700000001;65.27604600000001;15.0;309.7949582188061;4.884113924050632;-0.28829113924050676;1.127;4.892614904534164;5.020737954132823
0;0.3751749999999987;65.276664;15.0;308.64990396776733;4.89;-0.2959493670886068;1.1235;4.898947440816256;5.026125573230353
0;0.3758109999999988;65.2773;15.0;306.71952502334534;4.893797468354428;-0.3013291139240504;1.1340000000000001;4.903065663049034;5.032495295196059
0;0.3764579999999995;65.277947;15.0;309.44804013353956;4.896455696202532;-0.310253164556963;1.0955;4.906275105514552;5.0270921675449545
0;0.3771020000000078;65.278591;15.0;304.7387210543837;4.896202531645568;-0.3206329113924052;1.1445;4.906689789946012;5.038401030561227
0;0.3777210000000082;65.27921;15.0;310.7969540787852;4.889050632911393;-0.32088607594936663;1.0955;4.899569773450469;5.020548198644196
0;0.3782719999999955;65.279761;15.0;316.7923502962813;4.88607594936709;-0.32164556962025453;1.036;4.8966513103793545;5.0050464588692725
0;0.37836200000000986;65.27985100000001;15.0;276.48256397653154;4.8931645569620255;-0.31588607594936796;1.4385;4.90335022148001;5.110002509244791
0;0.3790050000000065;65.280494;15.0;244.904174655545;4.891835443037975;-0.31734177215189935;1.7395;4.902117889455031;5.2015978364455515
0;0.3796379999999999;65.281127;15.0;227.06509069487666;4.890822784810127;-0.31943037974683525;1.9075000000000002;4.90124303416216;5.259347823630141
0;0.3802790000000016;65.281768;15.0;205.4840343365668;4.891898734177215;-0.3252531645569626;2.1105;4.902699546831211;5.337665509986454
0;0.3809090000000026;65.282398;15.0;184.06545432090257;4.893670886075951;-0.3220253164556958;2.3205;4.904254790043618;5.425535484693264
0;0.3815539999999942;65.28304299999999;15.0;168.65521167487682;4.8962658227848115;-0.3198734177215191;2.4779999999999998;4.906703375050857;5.496928416009751
0;0.3821980000000025;65.283687;15.0;171.28138818891836;4.898607594936708;-0.30658227848101227;2.4499999999999997;4.90819203604038;5.485694948012531
0;0.382797999999994;65.28428699999999;15.0;169.3724954379505;4.9065822784810145;-0.30265822784810015;2.464;4.915908019724138;5.498858759632593
0;0.3834269999999975;65.284916;15.0;169.32941277009098;4.912594936708858;-0.2937974683544301;2.4604999999999997;4.921372365975672;5.502178315411904
0;0.3840509999999995;65.28554;15.0;170.2516775470898;4.913354430379745;-0.29405063291139333;2.4499999999999997;4.922145622921763;5.4981831120150835
0;0.38466999999999985;65.286159;15.0;170.15050945125915;4.9108860759493655;-0.29120253164556953;2.4535;4.919512269055759;5.4973869443027334
0;0.38531799999999805;65.286807;15.0;169.2141523341456;4.918544303797468;-0.2915189873417718;2.457;4.927175802465271;5.505806969772849
0;0.38594000000000506;65.287429;15.0;170.59583217069863;4.913734177215188;-0.29000000000000137;2.4465;4.92228438474786;5.496748658464622
0;0.38657600000000514;65.288065;15.0;168.93960489646034;4.918227848101264;-0.2890506329113929;2.4604999999999997;4.926714466480198;5.506957025819728
0;0.3872120000000052;65.288701;15.0;168.87565109836922;4.919113924050635;-0.2885443037974682;2.4604999999999997;4.9275693412719015;5.507721839657736
0;0.3878310000000056;65.28932;15.0;168.9438237393459;4.926772151898733;-0.28683544303797354;2.4535;4.935114832312179;5.511353795403418
0;0.38847200000000726;65.289961;15.0;168.09598577174398;4.9263291139240515;-0.27829113924050575;2.464;4.93418326543264;5.515202670516788
0;0.38910300000000575;65.290592;15.0;184.47083505696946;4.932784810126582;-0.2770253164556968;2.2855;4.9405575605363525;5.443585147581777
0;0.3897370000000109;65.29122600000001;15.0;205.01598583708568;4.9339240506329105;-0.282974683544304;2.0755;4.9420320930707105;5.3601661782953025
0;0.3903680000000094;65.29185700000001;15.0;213.0710132518094;4.935063291139241;-0.2791772151898717;1.9949999999999999;4.942953530535286;5.330367211086986
0;0.39099500000000376;65.292484;15.0;204.335585512714;4.937848101265824;-0.2749999999999999;2.0789999999999997;4.945499860597966;5.36471899275018
0;0.3916320000000013;65.293121;15.0;211.76473167477528;4.944810126582279;-0.26424050632911283;1.9985;4.951865328655024;5.339941243416048
0;0.3922600000000074;65.293749;15.0;211.68497133711887;4.948291139240507;-0.26569620253164605;1.9949999999999999;4.955419222500338;5.341928927899159
0;0.3928839999999951;65.294373;15.0;213.34700748730663;4.9496202531645555;-0.2608860759493662;1.9774999999999998;4.956490915472459;5.336413443986609
0;0.39348300000000336;65.294972;15.0;212.63402159056838;4.9499367088607595;-0.2587974683544303;1.9844999999999997;4.95669744399978;5.339203105460023
0;0.3941330000000107;65.29562200000001;15.0;211.49135004480584;4.950632911392405;-0.2593670886075958;1.9949999999999999;4.957422466364393;5.343787281508726
0;0.39476600000000417;65.296255;15.0;212.23110134345583;4.95284810126582;-0.2630379746835447;1.9844999999999997;4.959827949671043;5.342109465402039
0;0.3954010000000068;65.29689;15.0;209.936420548784;4.9549367088607585;-0.2593670886075958;2.0054999999999996;4.961720374574596;5.351700601254583
0;0.3960210000000046;65.29751;15.0;211.25459241147593;4.952468354430379;-0.26088607594936797;1.9949999999999999;4.959335070980646;5.345561649280514
0;0.3966530000000006;65.298142;15.0;201.57404981209447;4.957531645569622;-0.26734177215189986;2.086;4.964734800567052;5.385163659533623
0;0.3972920000000073;65.298781;15.0;201.24340412974797;4.960886075949365;-0.26455696202531687;2.086;4.967935289907102;5.388114423868925
0;0.397909999999996;65.299399;15.0;185.1399821170764;4.96632911392405;-0.266898734177216;2.247;4.973495732592423;5.457533215850825
0;0.3985530000000068;65.300042;15.0;180.20353419472855;4.966075949367088;-0.2684177215189882;2.2995;4.97332468356005;5.479202374261027
0;0.39917400000000214;65.300663;15.0;187.18545146718995;4.962215189873419;-0.2676582278481021;2.2295;4.969428590647548;5.446640319274376
0;0.40121899999999755;65.302708;15.0;167.0775246660137;4.959367088607595;-0.25037974683544234;2.4499999999999997;4.965683431028357;5.537193507291357
0;0.40164299999999287;65.30313199999999;15.0;186.03927748263234;4.958670886075948;-0.2508227848101262;2.247;4.96501047590004;5.449801650133438
0;0.40227899999999295;65.30376799999999;15.0;185.67943515691337;4.9661392405063305;-0.2494936708860764;2.2435;4.972402442271643;5.45509654340865
0;0.40289699999999584;65.304386;15.0;204.44720919982623;4.965759493670886;-0.2387341772151911;2.0509999999999997;4.971494881457;5.377951501859528
0;0.4035209999999978;65.30501;15.0;214.41695717169378;4.964240506329112;-0.22981012658227848;1.9530000000000003;4.969556972101083;5.339541693718524
0;0.40415400000000545;65.305643;15.0;214.70123957031174;4.965126582278481;-0.22601265822784797;1.9495000000000002;4.970267970615629;5.338924418806433
0;0.40479799999999955;65.306287;15.0;204.49634155996068;4.964050632911391;-0.22037974683544298;2.0545;4.968940120279498;5.376926275198799
0;0.40638400000000274;65.307873;15.0;213.84675359582218;4.969936708860758;-0.21917721518987301;1.9530000000000003;4.9747672851843125;5.344391316299743
0;0.4070090000000022;65.308498;15.0;204.8898253478001;4.9706329113924035;-0.21056962025316442;2.044;4.975091064974679;5.378612005414676
0;0.40762800000000254;65.309117;15.0;198.70933046131734;4.97101265822785;-0.2095569620253169;2.1069999999999998;4.975427717151039;5.403177765777728
0;0.40826800000000674;65.309757;15.0;185.44709841546893;4.973291139240506;-0.2029746835443034;2.2435;4.977431413671919;5.459680918131392
0;0.40890299999999513;65.310392;15.0;200.46011090107774;4.977405063291141;-0.2031012658227832;2.0825;4.981547077791708;5.399316395457402
0;0.4095310000000012;65.31102;15.0;192.3957031947553;4.97746835443038;-0.1993670886075935;2.1665;4.98145947041384;5.432187469645699
0;0.41014099999999587;65.31163;15.0;175.2535890393942;4.977278481012657;-0.2075949367088608;2.3485;4.981605839014044;5.507435790392732
0;0.4107790000000051;65.312268;15.0;183.57681092825308;4.981898734177215;-0.21151898734177116;2.254;4.986386996574035;5.472163308930265
0;0.4114179999999976;65.312907;15.0;198.28249347016208;4.984050632911392;-0.21455696202531557;2.0965;4.988666695759297;5.411294452474193
0;0.41196000000000765;65.313449;15.0;197.91408981177634;4.990759493670885;-0.2132911392405066;2.093;4.995315148591186;5.416070755976567
0;0.4120510000000053;65.31354;15.0;173.4010644081634;4.986772151898736;-0.21803797468354386;2.359;4.991536542324101;5.520898301305399
0;0.4126890000000003;65.314178;15.0;169.38274448953635;4.985506329113923;-0.21917721518987482;2.4045;4.990321834240089;5.539398185660006
0;0.413297;65.314786;15.0;163.57924250602733;4.988417721518986;-0.21506329113924025;2.4675;4.993051530232821;5.5694811099024575
0;0.4139470000000074;65.315436;15.0;169.6458539514361;4.993481012658229;-0.22322784810126678;2.394;4.998468094921301;5.542194447684615
0;0.41458000000000084;65.316069;15.0;167.80811435171475;4.993227848101266;-0.2212025316455681;2.415;4.9981251387955865;5.550989092320431
0;0.4152160000000009;65.316705;15.0;162.33501026073895;4.991708860759495;-0.22455696202531655;2.4779999999999998;4.996757266445799;5.577460639016549
0;0.4158690000000007;65.317358;15.0;155.74503262656808;4.9951265822784805;-0.22303797468354436;2.5515;5.000103550041342;5.613482676657695
0;0.4165139999999923;65.31800299999999;15.0;161.70201823462492;4.992088607594939;-0.22360759493670984;2.485;4.997094057809254;5.580875739755594
0;0.41714699999999993;65.318636;15.0;160.32615934266977;4.99879746835443;-0.21943037974683446;2.4955;5.003611277985381;5.5913903522453605
0;0.41777300000001105;65.31926200000001;15.0;158.87058749469708;5.001455696202531;-0.2264556962025318;2.5095;5.006579796969117;5.600306376745769
0;0.41840799999999945;65.319897;15.0;160.98598258520025;5.00132911392405;-0.22759493670886097;2.485;5.006505004591509;5.589303835094298
0;0.4190499999999986;65.320539;15.0;160.7536039439225;5.005;-0.2226582278481013;2.485;5.009950267859797;5.592390069230548
0;0.41965999999999326;65.32114899999999;15.0;160.61478739693084;5.006708860759493;-0.22430379746835513;2.485;5.011730819783355;5.593985235050798
0;0.42029200000000344;65.321781;15.0;161.5827365256385;5.006139240506328;-0.221962025316456;2.4745;5.011057496778485;5.58872503224303
0;0.42091399999999624;65.322403;15.0;159.54505827714112;5.000569620253165;-0.2255063291139251;2.5025;5.005651768897764;5.596343081108351
0;0.42154100000000483;65.32303;15.0;152.42953332400447;5.008670886075947;-0.22670886075949326;2.5795;5.013799053868402;5.638439607069643
0;0.4221780000000024;65.323667;15.0;145.4826888301969;5.008670886075947;-0.22949367088607625;2.6635;5.013925746358993;5.677471588656484
0;0.42280599999999424;65.32429499999999;15.0;150.252491052749;5.014050632911393;-0.23689873417721485;2.6005;5.019643887732864;5.653266755571853
0;0.4234289999999987;65.324918;15.0;151.3382548025828;5.010696202531646;-0.23753164556962114;2.59;5.016323127222973;5.645493576004854
0;0.42404500000000667;65.325534;15.0;152.02020608874963;5.003291139240507;-0.2503164556962033;2.5865;5.009548936979744;5.6378686400088185
0;0.42466699999999946;65.326156;15.0;151.93384344268188;5.004367088607596;-0.25215189873417776;2.5865;5.010715571410347;5.638905282727679
0;0.4252999999999929;65.32678899999999;15.0;151.85189403792114;4.999810126582277;-0.2631012658227855;2.59;5.006727831423658;5.636969361097525
0;0.42592899999999645;65.327418;15.0;151.26597413480803;5.00379746835443;-0.26664556962025276;2.5935;5.010897021902198;5.642280674878584
0;0.4265539999999959;65.328043;15.0;151.00586817231036;5.006962025316456;-0.2726582278481026;2.5935;5.014380443501903;5.645374520983912
0;0.42725200000000996;65.32874100000001;15.0;151.72136171383755;5.000759493670888;-0.27094936708860795;2.59;5.008094355447512;5.63818313582179
0;0.4278709999999961;65.32936;15.0;151.4685826310245;5.004493670886076;-0.27164556962025327;2.59;5.011860753994777;5.641528890064563
0;0.4285059999999987;65.329995;15.0;154.83193386720993;4.999810126582279;-0.2918354430379758;2.5515;5.008320000527909;5.620802565264846
0;0.4291550000000086;65.330644;15.0;155.0782413744953;4.995632911392404;-0.2960126582278476;2.5515;5.004395236111758;5.617305753581343
0;0.4297909999999945;65.33127999999999;15.0;150.96312256311057;4.998544303797468;-0.3053797468354441;2.597;5.00786401041436;5.641197651811484
0;0.43041100000000654;65.3319;15.0;159.79744096104898;4.990822784810126;-0.3077848101265822;2.4989999999999997;5.00030434660977;5.58999504102862
0;0.43103700000000345;65.332526;15.0;177.39558414172026;4.994493670886077;-0.3197468354430375;2.2960000000000003;5.004718280512592;5.506252906223698
0;0.4316639999999978;65.333153;15.0;177.60778289917;4.995000000000001;-0.32455696202531736;2.2925;5.005533160573319;5.505535257502136
0;0.4322970000000055;65.333786;15.0;197.38729550850474;4.991708860759495;-0.32867088607595013;2.0825;5.002517556384865;5.418670330619755
0;0.4329390000000046;65.334428;15.0;234.24069675977717;4.9921518987341775;-0.3330379746835425;1.6975;5.003248432030591;5.283370242810602
0;0.43473400000000595;65.336223;15.0;221.5119769839985;4.997531645569619;-0.345253164556961;1.82;5.009443311996491;5.3298144710774285
0;0.4351440000000082;65.336633;15.0;226.30863307518788;4.998797468354428;-0.3487341772151893;1.7675;5.010947181520136;5.313534408092658
0;0.43576799999999594;65.337257;15.0;225.44525486959475;5.00506329113924;-0.3499367088607592;1.7675;5.01728155962149;5.319508482794049
0;0.4364130000000017;65.337902;15.0;226.43442168625006;5.004493670886077;-0.35443037974683506;1.7570000000000001;5.017028781662139;5.315790326567282
0;0.43704200000000526;65.338531;15.0;225.38812059899513;5.00379746835443;-0.3617721518987347;1.7675;5.016858398858757;5.319109365692686
0;0.43766500000000974;65.33915400000001;15.0;226.16404331617954;5.003670886075951;-0.37379746835443073;1.7570000000000001;5.017613664234451;5.3163423406993155
0;0.4383010000000098;65.33979000000001;15.0;225.29020056079452;5.00151898734177;-0.38189873417721465;1.7675;5.016078032079086;5.3183733484879
0;0.43893900000000485;65.340428;15.0;224.54019484378443;5.007658227848103;-0.378544303797468;1.7675;5.021945511141307;5.323907678282215
0;0.43956900000000587;65.341058;15.0;224.74898084795495;5.006012658227846;-0.37905063291139085;1.7675;5.020342828597261;5.322395923514893
0;0.4401940000000053;65.341683;15.0;224.66994527747676;5.004240506329116;-0.3782278481012675;1.771;5.018513659467751;5.32183430315755
0;0.44082699999999875;65.342316;15.0;224.7805940315584;5.00753164556962;-0.3837974683544299;1.764;5.022218003840182;5.323003820973311
0;0.4414680000000004;65.342957;15.0;224.3305596086144;5.00645569620253;-0.38044303797468326;1.771;5.020889915461418;5.324075181961856
0;0.44210099999999386;65.34358999999999;15.0;223.89340784885428;5.009050632911392;-0.3849999999999999;1.771;5.023824563325237;5.326842802549181
0;0.4427340000000015;65.344223;15.0;223.7976386246634;5.005253164556963;-0.38189873417721465;1.778;5.019801378986389;5.325381665615494
0;0.4433700000000016;65.344859;15.0;224.91063403245002;5.006075949367089;-0.38689873417721515;1.764;5.021004584875374;5.321858983601457
0;0.44401200000000074;65.345501;15.0;225.1319019241391;4.999177215189873;-0.4041772151898749;1.7675;5.015489213441916;5.3178180017890995
0;0.44453800000000854;65.346027;15.0;217.56657396900493;5.008354430379745;-0.4081012658227853;1.834;5.024953805108121;5.349179071920343
0;0.44463300000001027;65.34612200000001;15.0;191.0857879478752;4.998354430379748;-0.41082278481012746;2.128;5.015209105532491;5.448000217714387
0;0.4452629999999971;65.346752;15.0;192.09151070365633;4.999430379746834;-0.42088607594936744;2.114;5.017115626618907;5.444303923447297
0;0.4458940000000098;65.34738300000001;15.0;175.3074073593102;4.9963924050632915;-0.42898734177215136;2.2995;5.014774890737856;5.516853039077158
0;0.4465540000000061;65.348043;15.0;168.2095657455825;4.991139240506328;-0.4328481012658227;2.3835;5.009873091894796;5.547963648663491
0;0.4471510000000052;65.34864;15.0;166.21829142487996;4.9953164556962015;-0.44063291139240435;2.4010000000000002;5.014712739046117;5.559869140110351
0;0.4477820000000037;65.349271;15.0;165.40126593084327;5.0013924050632905;-0.4430379746835443;2.4045;5.02097686077485;5.567030526810183
0;0.4484199999999987;65.349909;15.0;162.852737983533;4.998607594936708;-0.44525316455696357;2.436;5.018398974643898;5.57838903884508
0;0.44906699999999944;65.350556;15.0;166.53472892696786;4.999050632911391;-0.45936708860759373;2.3905000000000003;5.020112085651833;5.560217226197876
0;0.44969299999999635;65.351182;15.0;166.15940004337935;4.992278481012657;-0.45873417721519105;2.4010000000000002;5.013310430975459;5.558604364166183
0;0.4503310000000056;65.35182;15.0;168.0334832276108;4.99892405063291;-0.46170886075949286;2.373;5.020200866110835;5.552796208767253
0;0.4509609999999924;65.35244999999999;15.0;166.8797208948286;5.003924050632912;-0.4702531645569624;2.3800000000000003;5.025971940160264;5.561006558463883
0;0.4515970000000067;65.353086;15.0;168.06165759495482;4.9988607594936685;-0.4780379746835441;2.3695000000000004;5.021665978342761;5.552626355882877
0;0.4522309999999976;65.35372;15.0;166.7851229327511;5.002784810126581;-0.4808860759493661;2.3800000000000003;5.025843936541925;5.560890870577774
0;0.4528460000000081;65.354335;15.0;166.37292821560453;4.99886075949367;-0.4872784810126572;2.387;5.022554052557686;5.560918827933351
0;0.4534840000000031;65.354973;15.0;162.78078135016938;5.001835443037976;-0.4894936708860765;2.4255;5.025729982108911;5.5804132555813855
0;0.45412199999999814;65.355611;15.0;164.39074739922935;5.00018987341772;-0.4906962025316465;2.408;5.024209543142891;5.571458115557191
0;0.4547670000000039;65.356256;15.0;163.64945413274017;4.999113924050634;-0.5031012658227838;2.415;5.024365722089646;5.5746278718233215
0;0.4554080000000056;65.356897;15.0;148.69345740345884;4.9969620253164555;-0.5105063291139242;2.5935;5.022971848867969;5.653007026753116
0;0.4560290000000009;65.357518;15.0;153.01255104075378;5.000696202531645;-0.5131645569620256;2.5375;5.026957367288532;5.631092844425179
0;0.4566520000000054;65.358141;15.0;172.4796751824065;5.000253164556961;-0.5150632911392408;2.31;5.02671084343839;5.532081154822396
0;0.4572860000000105;65.35877500000001;15.0;186.65440193735793;4.994556962025317;-0.5222784810126588;2.156;5.021789925777905;5.465044378469809
0;0.457926999999998;65.359416;15.0;189.10852556117922;4.994936708860757;-0.5252531645569625;2.128;5.022477835929377;5.454692256434073
0;0.458549000000005;65.360038;15.0;184.6229048159253;4.998291139240507;-0.5261392405063301;2.1734999999999998;5.025906566283415;5.475750091358329
0;0.459179000000006;65.360668;15.0;184.0939193550776;4.999303797468355;-0.5314556962025329;2.177;5.027472885695917;5.478577608869626
0;0.45986400000001026;65.36135300000001;15.0;185.00041159345136;5.004050632911392;-0.5272784810126593;2.163;5.031753703559021;5.4769621445907335
0;0.46048700000000053;65.361976;15.0;184.31657874452299;5.003607594936708;-0.5315822784810127;2.17;5.031765960664642;5.4797416620588395
0;0.46111199999999997;65.362601;15.0;189.24911540538886;5.006455696202534;-0.5389873417721514;2.1105;5.035385386703723;5.459790860704227
0;0.46176599999999723;65.363255;15.0;199.77152642730047;5.007784810126582;-0.5337974683544302;1.9949999999999999;5.036154132049189;5.416906261119544
0;0.46237100000000453;65.36386;15.0;193.56428208279905;5.0104430379746825;-0.5408860759493666;2.058;5.039553272259841;5.443570628176406
0;0.462994000000009;65.364483;15.0;195.10458485392314;5.0123417721519;-0.5479113924050639;2.037;5.042199612747011;5.438119705816166
0;0.4636299999999949;65.36511899999999;15.0;189.92620594110744;5.011962025316457;-0.5407594936708867;2.0965;5.041049907827677;5.459624201646981
0;0.4642690000000016;65.365758;15.0;187.51642454978222;5.017531645569621;-0.539493670886076;2.1174999999999997;5.04645194520058;5.472703489612672
0;0.4648820000000029;65.366371;15.0;194.57632291406895;5.0209493670886065;-0.5456329113924057;2.0335;5.050509659515763;5.444517432322357
0;0.4654819999999944;65.36697099999999;15.0;198.51242164424823;5.016898734177214;-0.5574050632911403;1.9914999999999998;5.0477691422619095;5.426421063976839
0;0.4672470000000004;65.368736;15.0;164.9168957856296;5.010822784810128;-0.5770886075949382;2.373;5.043944512163887;5.574271722995587
0;0.4676369999999963;65.369126;15.0;163.4317645203;5.014936708860757;-0.5761392405063296;2.387;5.047923000435959;5.583842370476657
0;0.4682740000000081;65.369763;15.0;163.95046615359766;5.0126582278481004;-0.5737974683544305;2.3835;5.045392555976513;5.580058986597114
0;0.4689120000000031;65.370401;15.0;164.31833939509417;5.014430379746834;-0.5781645569620265;2.3765;5.047651561692335;5.57911628649691
0;0.4695480000000032;65.371037;15.0;159.41246275689997;5.013164556962023;-0.5776582278481018;2.436;5.046336087041849;5.603534947100878
0;0.4701880000000074;65.371677;15.0;159.0597731504471;5.015126582278481;-0.5734810126582283;2.4395;5.047808941328479;5.606383447299671
0;0.4708010000000087;65.37229;15.0;157.5962230276081;5.013037974683543;-0.5814556962025323;2.457;5.046646457031209;5.612975099024194
0;0.4718780000000038;65.373367;15.0;165.19073143139576;5.010696202531646;-0.5787341772151902;2.3695000000000004;5.044007303914419;5.572839485571247
0;0.47251500000000135;65.374004;15.0;156.1080660614343;5.007405063291138;-0.5737974683544287;2.4815;5.040173509172445;5.6179347853605135
0;0.4731699999999961;65.374659;15.0;157.3764678654596;5.007215189873416;-0.5691139240506322;2.4675;5.039453801380401;5.611118504028174
0;0.47376300000000526;65.375252;15.0;161.32765347685168;5.004746835443039;-0.5717088607594928;2.4219999999999997;5.037295098398349;5.589313545360292
0;0.4744000000000028;65.375889;15.0;161.60096298943463;5.00753164556962;-0.5624050632911389;2.4185;5.039015046276077;5.589348341854952
0;0.4750319999999988;65.376521;15.0;162.47510039312937;5.002531645569621;-0.567151898734178;2.4114999999999998;5.034578844467855;5.58232177424083
0;0.475672000000003;65.377161;15.0;151.85889667342502;5.0085443037974695;-0.5655696202531649;2.534;5.040375485859698;5.64150166520009
0;0.47630399999999895;65.377793;15.0;162.3977386971742;5.009113924050633;-0.5610759493670892;2.408;5.040439318658256;5.586098148535891
0;0.47693900000000156;65.378428;15.0;158.1654603608259;5.009873417721518;-0.5637974683544296;2.457;5.0414977186264345;5.608346302335078
0;0.4774850000000015;65.378974;15.0;145.707917769698;5.00993670886076;-0.5727215189873421;2.6075;5.042566386781809;5.676841728910694
0;0.4775759999999991;65.379065;15.0;141.14819244928208;5.009620253164556;-0.5656962025316448;2.667;5.041458843873986;5.703437233324763
0;0.4782160000000033;65.379705;15.0;126.33310337168999;5.002341772151899;-0.5729113924050628;2.8665;5.035042270821895;5.793830591151532
0;0.47885800000000245;65.380347;15.0;126.32227327563321;5.005759493670885;-0.562721518987343;2.8665;5.03728931235914;5.795783455789874
0;0.47949800000000664;65.380987;15.0;126.03985938870342;5.001392405063292;-0.5608860759493667;2.8735;5.032744696447324;5.795301668560375
0;0.4801300000000026;65.381619;15.0;126.93650349382536;5.0002531645569634;-0.573227848101265;2.8594999999999997;5.03300326599345;5.788597595748104
0;0.48076399999999353;65.38225299999999;15.0;125.75650531992581;5.004430379746837;-0.5709493670886068;2.8735;5.036894539844163;5.798905832612903
0;0.4813970000000012;65.382886;15.0;132.31096656783194;4.997658227848101;-0.5701265822784798;2.7895000000000003;5.03007277106389;5.751777319420351
0;0.48203900000000033;65.383528;15.0;126.5828978824996;5.001518987341772;-0.5758860759493664;2.863;5.034564226744219;5.791684206965416
0;0.4826500000000067;65.384139;15.0;126.62703389045099;4.994873417721518;-0.576392405063291;2.8665;5.02802035235297;5.787729340050006
0;0.4832889999999992;65.384778;15.0;133.7772105604136;4.997784810126582;-0.5775949367088611;2.7685;5.031050478701611;5.742478660756495
0;0.48391800000000273;65.385407;15.0;126.7817257797537;4.997088607594937;-0.5763291139240503;2.863;5.030213693245207;5.7879027980531585
0;0.4845630000000085;65.386052;15.0;126.19572448920422;5.000126582278483;-0.5718354430379744;2.8699999999999997;5.032719107274152;5.793544822707625
0;0.48520600000000513;65.386695;15.0;126.41207145969439;4.997278481012658;-0.565949367088608;2.8699999999999997;5.0292236878965895;5.790508691203232
0;0.48585300000000586;65.387342;15.0;126.71476481981821;5.001835443037974;-0.5658227848101264;2.863;5.033737500410721;5.7909655691465804
0;0.4864730000000037;65.387962;15.0;126.63019066916073;4.99867088607595;-0.5641139240506335;2.8665;5.030401092021503;5.789797699109282
0;0.48711500000000285;65.388604;15.0;126.46050424613232;4.995632911392406;-0.5678481012658233;2.8699999999999997;5.027802666324342;5.789274535854917
0;0.4877400000000023;65.389229;15.0;132.26956157190259;4.999303797468353;-0.5674050632911394;2.7895000000000003;5.031400099895646;5.7529381376154145
0;0.4883820000000014;65.389871;15.0;165.35311246463348;4.997531645569621;-0.5622151898734183;2.3835;5.029056419269345;5.565292509670467
0;0.48900299999999675;65.390492;15.0;191.38266915680694;4.999050632911391;-0.5606329113924053;2.0895;5.030389298230118;5.447093421426523
0;0.4896370000000019;65.391126;15.0;184.4286199647831;5.001708860759495;-0.5622784810126591;2.163;5.0332145412261085;5.478304264825928
0;0.4902890000000042;65.391778;15.0;191.8115731812073;4.997658227848101;-0.561898734177216;2.086;5.029146841149876;5.444604113234292
0;0.4909159999999986;65.392405;15.0;191.77101407529858;4.99651898734177;-0.5551898734177227;2.0895;5.027269416533434;5.444212343067857
0;0.4915500000000037;65.393039;15.0;196.110109459178;4.996645569620251;-0.5479746835443029;2.044;5.026603545358552;5.426295163572579
0;0.4921590000000009;65.393648;15.0;194.99766768911692;4.99892405063291;-0.5442405063291132;2.0545;5.028462925459976;5.431980268992654
0;0.4928649999999948;65.39435399999999;15.0;196.12367483556613;4.9986075949367095;-0.5389873417721514;2.044;5.027582445146928;5.427201971803663
0;0.4934939999999983;65.394983;15.0;189.93512618478334;4.996202531645568;-0.5395569620253168;2.114;5.025252376994768;5.451803137723479
0;0.4941220000000044;65.395611;15.0;189.89045139486524;5.000822784810125;-0.5354430379746841;2.1105;5.029406304126924;5.4542770393510125
0;0.4947690000000051;65.396258;15.0;197.50445919871515;4.99006329113924;-0.532658227848101;2.0404999999999998;5.018411744493437;5.417388364080026
0;0.49539400000000455;65.396883;15.0;190.40601305678427;4.997215189873417;-0.5286708860759499;2.1105;5.025102243704693;5.450308505918352
0;0.49602099999999893;65.39751;15.0;189.6854325238228;4.988354430379747;-0.5284810126582274;2.128;5.01627073669569;5.448977528291846
0;0.49664800000000753;65.398137;15.0;192.73748054710146;4.980316455696204;-0.5293670886075952;2.1035;5.0083711437331875;5.43217210362294
0;0.49727400000000443;65.398763;15.0;192.3603093099588;4.983860759493671;-0.5301265822784813;2.1035;5.0119758841458015;5.435495792773562
0;0.497911000000002;65.3994;15.0;191.48890417477153;4.980886075949368;-0.5246202531645562;2.1174999999999997;5.00843813095627;5.437670343227579
0;0.49854299999999796;65.400032;15.0;203.72444007077306;4.978544303797467;-0.5175316455696197;1.9914999999999998;5.005371353759899;5.387004236033252
0;0.5003379999999993;65.401827;15.0;184.34432466789983;4.9727848101265835;-0.5169620253164543;2.205;4.999583833025002;5.464234942189526
0;0.5007310000000018;65.40222;15.0;176.6136252840704;4.9672784810126585;-0.511455696202531;2.2960000000000003;4.993540070642213;5.496094835163367
0;0.5013640000000095;65.40285300000001;15.0;175.39532651257704;4.9645569620253145;-0.5202531645569619;2.31;4.991742099149911;5.5003262798151855
0;0.5020049999999969;65.403494;15.0;172.22145007119892;4.961075949367088;-0.5192405063291126;2.3485;4.988174543738568;5.5133780505967005
0;0.502633000000003;65.404122;15.0;173.24253181811056;4.958481012658227;-0.510569620253165;2.3415;4.984698114230953;5.507253175587411
0;0.5032549999999958;65.404744;15.0;173.21799423770483;4.954367088607595;-0.513037974683544;2.345;4.98085948528419;5.505268950028281
0;0.5045939999999973;65.406083;15.0;173.28087774490055;4.9582911392405045;-0.5094303797468358;2.3415;4.984392674466961;5.50697671897021
0;0.5052170000000018;65.406706;15.0;181.63853207514148;4.954683544303797;-0.5092405063291134;2.254;4.980784568467217;5.467058708069739
0;0.5058549999999968;65.407344;15.0;176.77567881882638;4.9497468354430385;-0.498924050632912;2.3135000000000003;4.974828534058066;5.48645615978824
0;0.5064930000000061;65.407982;15.0;181.3771377282867;4.951265822784809;-0.5053797468354438;2.261;4.976991253396815;5.466494574806454
0;0.5071149999999989;65.408604;15.0;176.64855671771176;4.946898734177217;-0.501392405063291;2.317;4.972243098447551;5.48558934209072
0;0.5077420000000075;65.409231;15.0;201.11759062907652;4.948354430379748;-0.49924050632911243;2.058;4.973474907126669;5.382454519252219
0;0.5083719999999943;65.40986099999999;15.0;191.22698454887956;4.9493670886075956;-0.5005063291139232;2.1595;4.974609649336832;5.423115471136045
0;0.5090179999999975;65.410507;15.0;198.9205333029108;4.942025316455696;-0.5060759493670873;2.086;4.967869472421435;5.388053739061705
0;0.5096589999999992;65.411148;15.0;199.87344599810177;4.944050632911393;-0.4996835443037963;2.0755;4.969237396748071;5.385259562476032
0;0.5102870000000053;65.411776;15.0;201.04721817171148;4.945253164556961;-0.4874683544303796;2.065;4.969220689215936;5.381206115559197
0;0.510823000000002;65.412312;15.0;187.6933857831948;4.955189873417719;-0.4839873417721513;2.1945;4.978769971450498;5.440954022836178
0;0.5109139999999996;65.412403;15.0;188.18369990328122;4.946455696202533;-0.48487341772151904;2.198;4.970163597479205;5.434494473794912
0;0.511540999999994;65.41302999999999;15.0;170.00996158356875;4.946392405063291;-0.48183544303797465;2.394;4.969805149000855;5.516357423067817
0;0.5121690000000001;65.413658;15.0;172.0869298768944;4.943101265822785;-0.47012658227848264;2.3765;4.965407246897646;5.50481801493416
0;0.5127650000000017;65.414254;15.0;178.14374227662321;4.946392405063291;-0.4597468354430368;2.31;4.967712247862963;5.47852762862137
0;0.5134060000000034;65.414895;15.0;168.3230404584573;4.944936708860759;-0.45810126582278476;2.4185;4.966110734205099;5.523712345369471
0;0.5149000000000115;65.41638900000001;15.0;171.99752470203464;4.939240506329115;-0.45683544303797397;2.3835;4.960322106615457;5.5032597295946335
0;0.5155199999999951;65.417009;15.0;179.4937180548499;4.940253164556961;-0.4512658227848098;2.303;4.960820715640581;5.469328219510027
0;0.5161460000000062;65.417635;15.0;173.43363060986746;4.938924050632913;-0.4500632911392399;2.3695000000000004;4.959387839638206;5.496367709128576
0;0.5167789999999997;65.418268;15.0;173.63458589238348;4.94158227848101;-0.44443037974683486;2.366;4.961527363366999;5.496790861715541
0;0.5174080000000032;65.418897;15.0;180.44478813681062;4.935316455696205;-0.44120253164556983;2.2995;4.954998303914564;5.4625734266732024
0;0.5180500000000023;65.419539;15.0;179.61406189407683;4.933227848101265;-0.4425316455696196;2.31;4.953036569480624;5.465223806818198
0;0.5186740000000043;65.420163;15.0;178.79813149452457;4.932848101265824;-0.4346202531645563;2.3205;4.951957709292626;5.468693208127758
0;0.5193060000000003;65.420795;15.0;180.09380218654354;4.930886075949368;-0.4272151898734177;2.31;4.949358575861112;5.46189072688661
0;0.519945000000007;65.421434;15.0;174.6506301377115;4.930696202531648;-0.4382278481012644;2.366;4.950132188993692;5.486507512845624
0;0.5205630000000099;65.42205200000001;15.0;180.4935447189255;4.932658227848101;-0.43322784810126574;2.303;4.951646550504996;5.461008383176867
0;0.5212259999999986;65.422715;15.0;181.00272326065186;4.930949367088607;-0.43183544303797516;2.2995;4.949822573654063;5.457879053318728
0;0.521837000000005;65.423326;15.0;184.49790905356895;4.926518987341773;-0.4272151898734177;2.2680000000000002;4.945007800913725;5.440305703827461
0;0.5224600000000095;65.42394900000001;15.0;211.08378284396855;4.93;-0.42443037974683473;1.9949999999999999;4.9482361652665725;5.335266267699488
0;0.5230889999999988;65.424578;15.0;234.3990500285895;4.929620253164557;-0.4293670886075962;1.764;4.948283736528207;5.25330447786815
0;0.5237030000000118;65.42519200000001;15.0;234.13405383906965;4.925886075949365;-0.4324050632911406;1.771;4.944828386505607;5.252405998396511
0;0.5243399999999951;65.425829;15.0;234.40108140443127;4.926582278481014;-0.43208860759493656;1.7675;4.945494263615772;5.251853935655151
0;0.5249780000000044;65.426467;15.0;234.29139220530877;4.931582278481013;-0.43689873417721464;1.7605;4.950897320017214;5.254592707656192
0;0.5256080000000054;65.427097;15.0;234.13973841992208;4.930506329113925;-0.43481012658227874;1.764;4.949641654464591;5.25458357128431
0;0.5262720000000058;65.427761;15.0;234.12027827563233;4.922974683544305;-0.4349367088607586;1.7745;4.9421503088769745;5.251066551238212
0;0.5268640000000033;65.428353;15.0;234.41390629162547;4.924936708860761;-0.4264556962025316;1.771;4.943365862153827;5.251029141711922
0;0.5275000000000034;65.428989;15.0;255.5205693218747;4.9252531645569615;-0.41968354430379745;1.5645;4.943101557963154;5.184777069685616
0;0.5281360000000035;65.429625;15.0;265.77473256074967;4.921202531645571;-0.4156329113924055;1.47;4.938723020630667;5.1528521300836205
0;0.5287780000000026;65.430267;15.0;266.7575134105569;4.923037974683545;-0.4064556962025314;1.4595;4.93978836926763;5.150888213031977
0;0.5294240000000059;65.430913;15.0;266.20591477951643;4.916329113924052;-0.40518987341772067;1.4769999999999999;4.932998154260502;5.149368872972446
0;0.5301960000000037;65.431685;15.0;259.9642634493735;4.917658227848102;-0.4058227848101252;1.5365;4.9343747910544025;5.168064127755496
0;0.5308189999999939;65.43230799999999;15.0;265.86077698443876;4.922468354430378;-0.40468354430379777;1.47;4.939075163570483;5.153189640542913
0;0.5314570000000032;65.432946;15.0;266.3669474274401;4.921202531645571;-0.4068987341772153;1.4665;4.937995639664924;5.151157460935337
0;0.5320839999999976;65.433573;15.0;267.41733419256883;4.920696202531646;-0.3972151898734166;1.4595;4.9367024444132275;5.147928833489789
0;0.5327230000000043;65.434212;15.0;287.20102319086635;4.92018987341772;-0.39772151898734304;1.2565;4.936238527173082;5.093647322611557
0;0.5347629999999981;65.436252;15.0;259.4728422293162;4.912088607594938;-0.39183544303797485;1.554;4.927692107192244;5.1669203112961535
0;0.5351610000000022;65.43665;15.0;248.83472833059497;4.911139240506329;-0.3908860759493663;1.6589999999999998;4.926670332385979;5.198496086755493
0;0.5358429999999998;65.437332;15.0;252.1339349864973;4.907974683544301;-0.3946835443037986;1.631;4.923818700404798;5.186921205730427
0;0.5364759999999933;65.43796499999999;15.0;251.67067583049382;4.914620253164555;-0.40025316455696097;1.624;4.930891889765289;5.19144207600866
0;0.5371180000000066;65.438607;15.0;251.86061268277075;4.911455696202531;-0.3981645569620251;1.6275000000000002;4.927568575898367;5.189382267686691
0;0.5377550000000042;65.439244;15.0;250.88700486696055;4.910506329113924;-0.3996835443037973;1.6380000000000001;4.926745309416264;5.191903633914555
0;0.5383700000000005;65.439859;15.0;251.84697855084;4.909556962025314;-0.396202531645569;1.631;4.925517841755686;5.1885341869793615
0;0.5390199999999936;65.44050899999999;15.0;251.5440518930461;4.912848101265822;-0.4020253164556946;1.6275000000000002;4.929269806085125;5.19099769516251
0;0.5396510000000063;65.44114;15.0;251.7678662593028;4.910253164556962;-0.4091772151898736;1.6275000000000002;4.927272281239611;5.189100922459708
0;0.5403139999999951;65.441803;15.0;252.3972514506403;4.901898734177216;-0.4075949367088606;1.6345;4.918815389152035;5.183274552110749
0;0.5409000000000077;65.442389;15.0;251.98764642305437;4.905126582278479;-0.40379746835443187;1.6345;4.921719128884175;5.1860302191198615
0;0.5415370000000053;65.443026;15.0;253.54126952742206;4.900063291139242;-0.4027848101265825;1.6275000000000002;4.916589860913665;5.178958593234652
0;0.5421659999999946;65.44365499999999;15.0;255.09192120327063;4.898101265822784;-0.39727848101265917;1.617;4.914186219683833;5.173385274820586
0;0.5427960000000098;65.44428500000001;15.0;252.3989696446734;4.904113924050632;-0.3938607594936699;1.6345;4.919904437886595;5.184308047168514
0;0.5434259999999966;65.444915;15.0;261.9597456120585;4.902531645569619;-0.3849367088607591;1.547;4.917620644746818;5.155211131044015
0;0.544074000000009;65.445563;15.0;255.00393993799528;4.898987341772151;-0.3805696202531649;1.6205;4.9137470641765235;5.174063244752948
0;0.5446010000000001;65.44609;15.0;239.4888816389528;4.911329113924052;-0.38537974683544296;1.75;4.926425805241459;5.228017904956807
0;0.5446930000000094;65.44618200000001;15.0;227.6257387039617;4.905379746835442;-0.381329113924051;1.8725;4.920179097735107;5.264448556476685
0;0.5453119999999956;65.446801;15.0;209.6818306113823;4.903987341772152;-0.37917721518987246;2.0475;4.918624524069777;5.3277690883502675
0;0.5459469999999982;65.447436;15.0;193.4948903289814;4.9099367088607595;-0.3763291139240505;2.2015000000000002;4.924337730802518;5.394043412599243
0;0.5471730000000008;65.448662;15.0;206.1595704726761;4.90620253164557;-0.3814556962025308;2.0789999999999997;4.92100921861469;5.3421505716041695
0;0.5478059999999942;65.44929499999999;15.0;201.54600656441895;4.90373417721519;-0.37556962025316437;2.128;4.918095304123889;5.358735431092437
0;0.5484309999999937;65.44991999999999;15.0;193.67081250781143;4.901835443037975;-0.3724683544303792;2.2085;4.915966170110956;5.389266706674979
0;0.5490680000000054;65.450557;15.0;198.59029672886797;4.904873417721518;-0.37550632911392356;2.156;4.919226387052722;5.37095189394541
0;0.549705000000003;65.451194;15.0;199.5328714589566;4.90379746835443;-0.36854430379746883;2.149;4.917626919002791;5.366680120381769
0;0.5503320000000116;65.45182100000001;15.0;201.69088600218103;4.90373417721519;-0.36740506329113787;2.128;4.917478557281191;5.358169403940146
0;0.5509660000000025;65.452455;15.0;194.38355022304884;4.903354430379747;-0.3627215189873432;2.2015000000000002;4.91675213634582;5.3871192506070615
0;0.5516000000000076;65.453089;15.0;202.60928923431175;4.906012658227849;-0.3618987341772145;2.1174999999999997;4.9193425268516275;5.355720039965771
0;0.552221000000003;65.45371;15.0;199.09125176037247;4.899493670886078;-0.35854430379746965;2.1595;4.912595266133609;5.366286658280411
0;0.5528660000000087;65.454355;15.0;197.85232255521478;4.9049367088607605;-0.3562658227848095;2.1665;4.9178582182098705;5.373923306525165
0;0.5534949999999981;65.454984;15.0;209.22747951266308;4.899303797468355;-0.3546202531645557;2.0614999999999997;4.91212105142395;5.327167678404945
0;0.5541230000000041;65.455612;15.0;204.48554251915712;4.897468354430379;-0.3486075949367077;2.1105;4.9098598287420145;5.344243050974999
0;0.5547619999999966;65.456251;15.0;200.74387682924996;4.897151898734177;-0.3597468354430378;2.1455;4.9103476969443856;5.358608471878407
0;0.5553969999999993;65.456886;15.0;206.55373014089392;4.8984810126582286;-0.34753164556962113;2.0895;4.910793670685576;5.336844079233112
0;0.556036000000006;65.457525;15.0;250.72427190303947;4.89601265822785;-0.3471518987341763;1.673;4.9083046350366315;5.185593831985116
0;0.5566630000000004;65.458152;15.0;281.3025230040737;4.894113924050632;-0.34632911392405114;1.3825;4.906352510443751;5.097411225979095
0;0.5574340000000007;65.458923;15.0;285.7132335006363;4.8931645569620255;-0.34645569620253097;1.3405;4.905414450476183;5.085275919843539
0;0.5580720000000099;65.45956100000001;15.0;289.74358869888846;4.895316455696201;-0.34924050632911396;1.295;4.907758361275648;5.075738087477626
0;0.5587089999999932;65.46019799999999;15.0;294.6970530074063;4.8896202531645585;-0.34791139240506236;1.2565;4.901982104936968;5.0604565808948765
0;0.5593429999999984;65.460832;15.0;285.52363840497316;4.891455696202531;-0.3392405063291148;1.3475000000000001;4.9032053749610185;5.084995496462767
0;0.5599880000000041;65.461477;15.0;290.4930768683911;4.889873417721518;-0.335126582278482;1.302;4.901343883823005;5.071328806879827
0;0.5606120000000061;65.462101;15.0;291.8428465312261;4.885696202531647;-0.3283544303797461;1.2985;4.896717677728844;5.065959560180299
0;0.5617009999999993;65.46319;15.0;289.59638432886356;4.88386075949367;-0.32006329113924153;1.3265;4.894337179686027;5.0709110304221445
0;0.5623480000000001;65.463837;15.0;293.48030259993186;4.882974683544303;-0.3124683544303787;1.2915;4.8929621123257245;5.0605385565821965
0;0.5629859999999951;65.464475;15.0;293.0443852890836;4.8826582278481006;-0.31854430379746934;1.295;4.893038099530247;5.061506380856846
0;0.5636130000000037;65.465102;15.0;288.72060567063807;4.879873417721519;-0.31499999999999845;1.344;4.890029608600043;5.071363285447523
0;0.5642449999999997;65.465734;15.0;288.7502564277483;4.879999999999999;-0.3127215189873419;1.344;4.890009687969722;5.071344077109908
0;0.5648989999999969;65.466388;15.0;297.30555335969984;4.880316455696201;-0.30658227848101405;1.26;4.889936748181692;5.049661513529173
0;0.5655210000000039;65.46701;15.0;295.98037429410783;4.870696202531647;-0.31151898734177197;1.2915;4.880648069348029;5.0486332632535955
0;0.5661710000000113;65.46766000000001;15.0;303.0619220503623;4.874999999999998;-0.3003164556962028;1.2145;4.884241494189442;5.032973795238945
0;0.5667779999999993;65.468267;15.0;295.0958287111902;4.873291139240505;-0.2967721518987355;1.2985;4.882319145441296;5.052043397274278
0;0.5685859999999963;65.470075;15.0;282.3384279932137;4.870316455696203;-0.29202531645569646;1.428;4.879063554010777;5.083743223656785
0;0.5689799999999963;65.470469;15.0;270.78955113321496;4.872911392405062;-0.285822784810126;1.533;4.881286726115119;5.116351151215841
0;0.569625000000002;65.471114;15.0;269.8963360646544;4.871962025316454;-0.2822151898734179;1.5435;4.880129034105645;5.118403231430764
0;0.5702670000000012;65.471756;15.0;269.0086083864912;4.8741772151898735;-0.2690506329113927;1.5505;4.881597255831961;5.121917806656618
0;0.5709090000000003;65.472398;15.0;276.1475771962794;4.874240506329116;-0.2683544303797474;1.484;4.881622129358638;5.102204485694783
0;0.5715479999999928;65.47303699999999;15.0;296.7919733806025;4.874810126582278;-0.2705696202531649;1.2845;4.88231314948489;5.048457382174585
0;0.5721810000000005;65.47367;15.0;317.7150765464442;4.8721518987341765;-0.272911392405064;1.0745;4.8797894168133435;4.996688403577265
0;0.5727930000000043;65.474282;15.0;335.15516811496786;4.874556962025315;-0.27734177215189904;0.8645;4.882440376964149;4.958385249716869
0;0.573432000000011;65.47492100000001;15.0;337.43740052252576;4.869683544303796;-0.26803797468354335;0.854;4.8770546621434985;4.951260261543078
0;0.5740530000000064;65.475542;15.0;336.4398397308166;4.872911392405062;-0.26455696202531687;0.8574999999999999;4.880087686137116;4.954852376649289
0;0.574688000000009;65.476177;15.0;337.1264047488494;4.870949367088608;-0.25639240506329036;0.8574999999999999;4.877692569454849;4.952493417675085
0;0.5753140000000059;65.476803;15.0;337.32706141543275;4.872151898734178;-0.24683544303797503;0.854;4.878400543239435;4.952585977070848
0;0.5759469999999993;65.477436;15.0;339.98204715122256;4.871518987341772;-0.23341772151898657;0.826;4.877107859864339;4.946560125658084
0;0.5765779999999978;65.478067;15.0;337.4540962044567;4.875189873417721;-0.23177215189873457;0.847;4.880696121689043;4.953645489159521
0;0.577210000000008;65.478699;15.0;335.7370654152936;4.879683544303797;-0.23386075949367044;0.854;4.885284264746548;4.959366728462437
0;0.5778310000000033;65.47932;15.0;343.6416582095862;4.875569620253164;-0.22310126582278517;0.7665;4.880671398152852;4.940493451746224
0;0.5783830000000023;65.479872;15.0;342.2918293434739;4.884177215189872;-0.22974683544303767;0.7525;4.889577760684044;4.9471433098077915
0;0.5784710000000075;65.47996;15.0;309.4099949953412;4.8773417721518975;-0.2188607594936708;1.1620000000000001;4.882249767722249;5.018625986704325
0;0.5791080000000051;65.480597;15.0;274.6189652091768;4.877278481012659;-0.21708860759493714;1.5015;4.882107418410277;5.107785733064442
0;0.5797409999999985;65.48123;15.0;264.63699207952965;4.8736075949367095;-0.21879746835442998;1.5995000000000001;4.878516508282316;5.134035797653059
0;0.5808540000000022;65.482343;15.0;238.11507934388933;4.86974683544304;-0.20481012658227785;1.848;4.874051849258289;5.21262749765012
0;0.5815060000000045;65.482995;15.0;225.65966769791203;4.873291139240505;-0.21259493670886132;1.9565000000000001;4.877926110030191;5.255668880828992
0;0.5820989999999995;65.483588;15.0;219.12973502402892;4.874113924050631;-0.21069620253164426;2.016;4.878665743252503;5.27879109592201
0;0.5827400000000011;65.484229;15.0;219.41709446188327;4.872215189873417;-0.20588607594936797;2.016;4.876563332173908;5.2768481058964625
0;0.5833730000000088;65.484862;15.0;219.25242763411802;4.871645569620251;-0.19240506329114052;2.0195;4.875443596677198;5.277151742595686
0;0.5840160000000054;65.485505;15.0;227.41491649542655;4.873607594936708;-0.18835443037974678;1.9425000000000001;4.8772459832233634;5.249841391020155
0;0.5846570000000071;65.486146;15.0;217.90566808767485;4.876835443037977;-0.18803797468354452;2.0265;4.8804592220809;5.284466337142711
0;0.5852900000000005;65.486779;15.0;214.95883407435122;4.873481012658226;-0.18411392405063237;2.058;4.8769575677639;5.29339958039912
0;0.5859280000000098;65.48741700000001;15.0;218.0869588130555;4.875379746835441;-0.18765822784810146;2.0265;4.878989986291456;5.2831094571598936
0;0.5865649999999931;65.48805399999999;15.0;210.63189417595228;4.875632911392406;-0.1789873417721521;2.0965;4.878917170353218;5.31028671590974
0;0.5871999999999957;65.488689;15.0;210.68819863251272;4.878734177215188;-0.17455696202531706;2.093;4.881855928324705;5.311606753602818
0;0.5878310000000084;65.48932;15.0;202.7081665054902;4.884050632911393;-0.1748101265822785;2.163;4.887178036985955;5.344443672188706
0;0.5884550000000104;65.48994400000001;15.0;214.92753887289618;4.881012658227847;-0.17177215189873407;2.0509999999999997;4.884034217933817;5.297205984474116
0;0.5890919999999937;65.49058099999999;15.0;214.19676857069402;4.880822784810124;-0.17234177215189955;2.058;4.883864529565711;5.29976383843187
0;0.5905309999999986;65.49202;15.0;258.7859951054178;4.884936708860758;-0.1734177215189879;1.6415;4.888013947986668;5.156277979871936
0;0.5911640000000062;65.492653;15.0;300.4482389551059;4.882848101265824;-0.16740506329113808;1.2494999999999998;4.885716941785594;5.042963442783496
0;0.5917919999999981;65.493281;15.0;290.2065950059538;4.884240506329113;-0.16835443037974662;1.3475000000000001;4.887141141597463;5.0695073515968545
0;0.5924229999999966;65.493912;15.0;296.8591482332281;4.883164556962023;-0.16791139240506275;1.2845;4.886050585705137;5.052071909233826
0;0.593040000000002;65.494529;15.0;298.9645488073672;4.886139240506327;-0.17487341772151752;1.2565;4.889267571921315;5.048141206408687
0;0.5936659999999989;65.495155;15.0;299.31829826661357;4.884620253164556;-0.17202531645569732;1.2565;4.8876484864530765;5.046573092418958
0;0.5942969999999974;65.495786;15.0;299.26487452741964;4.886645569620251;-0.17075949367088655;1.253;4.889628178887222;5.047620501559915
0;0.5949219999999968;65.496411;15.0;290.47169206888054;4.887911392405062;-0.17506329113924174;1.337;4.891045382728287;5.07049247469195
0;0.5955409999999972;65.49703;15.0;289.5010379645485;4.892848101265821;-0.17487341772151932;1.337;4.895972145987573;5.07524504376746
0;0.5961719999999957;65.497661;15.0;288.7644440653266;4.894999999999999;-0.17170886075949326;1.3405;4.898010711795485;5.078134419534728
0;0.5967979999999926;65.49828699999999;15.0;289.7357821125018;4.897405063291139;-0.1696202531645574;1.3265;4.900341557915457;5.076706573580286
0;0.5974470000000025;65.498936;15.0;289.3644007342758;4.894873417721518;-0.18177215189873505;1.3335;4.898247328455621;5.076519392331978
0;0.5980940000000032;65.499583;15.0;288.3741035284662;4.8962658227848115;-0.18234177215189873;1.3405;4.899659940163411;5.079725167687925
0;0.5987050000000096;65.50019400000001;15.0;288.9267386534039;4.897025316455696;-0.1828481012658234;1.3335;4.900437774132483;5.078632948751516
0;0.5993449999999996;65.500834;15.0;287.3583878168745;4.901075949367088;-0.1878481012658221;1.3405;4.904674542781986;5.084562185735727
0;0.5999539999999968;65.501443;15.0;288.2175747939742;4.897278481012658;-0.17930379746835431;1.3405;4.900559801938573;5.080593136866622
0;0.6012109999999922;65.50269999999999;15.0;288.49798443923765;4.904050632911391;-0.19031645569620104;1.323;4.9077421451689345;5.082938319856673
0;0.6029750000000007;65.504464;15.0;265.27827009429086;4.906202531645568;-0.1763291139240507;1.547;4.909370146764513;5.147341472832614
0;0.6033740000000023;65.504863;15.0;257.1601763422247;4.903607594936707;-0.18082278481012654;1.6275000000000002;4.906940423994104;5.1697988911201795
0;0.6040139999999923;65.50550299999999;15.0;255.1384958611928;4.908987341772153;-0.18430379746835301;1.6380000000000001;4.912445888907122;5.178336471439499
0;0.6046300000000002;65.506119;15.0;257.25421815109934;4.903037974683543;-0.1806962025316467;1.6275000000000002;4.906366527156146;5.169254177228884
0;0.6052669999999978;65.506756;15.0;256.98738309190225;4.906708860759494;-0.1841772151898732;1.624;4.91016426312306;5.171758800529161
0;0.6059000000000054;65.507389;15.0;255.65048080522374;4.910126582278481;-0.1879113924050629;1.631;4.913720967392569;5.177336645940011
0;0.6065320000000014;65.508021;15.0;243.8053048781964;4.905379746835442;-0.18443037974683643;1.75;4.908845589915914;5.211455173522738
0;0.6071790000000021;65.508668;15.0;245.71487361952163;4.907974683544305;-0.17873417721519064;1.729;4.911228094928662;5.206688237297929
0;0.6078100000000006;65.509299;15.0;255.1510932034982;4.914177215189872;-0.17487341772151932;1.631;4.917287709145855;5.1807219009050165
0;0.6084610000000055;65.50995;15.0;244.34350315888585;4.914683544303797;-0.17810126582278435;1.7325;4.917909556055114;5.214152917928108
0;0.609092000000004;65.510581;15.0;254.53980009272675;4.91259493670886;-0.18601265822784765;1.6380000000000001;4.916115307964056;5.181817607866811
0;0.6097139999999968;65.511203;15.0;255.11994297477534;4.9154430379746845;-0.1913924050632912;1.6275000000000002;4.91916774589866;5.181405944556912
0;0.6103399999999937;65.51182899999999;15.0;254.84924075317923;4.917151898734179;-0.19107594936708894;1.6275000000000002;4.9208630151277;5.183015441193637
0;0.6109849999999994;65.512474;15.0;254.79931364466117;4.913291139240505;-0.1857594936708862;1.6345;4.916801440817814;5.181363397642374
0;0.6116269999999986;65.513116;15.0;244.50257821860805;4.90778481012658;-0.18981012658227817;1.7395;4.911453921871035;5.210397285875845
0;0.6122730000000018;65.513762;15.0;224.77931240663003;4.907911392405064;-0.1922784810126571;1.9250000000000003;4.911676419508918;5.275432707367231
0;0.6128110000000078;65.5143;15.0;209.2929821462039;4.917151898734177;-0.20329113924050563;2.0614999999999997;4.921352464772141;5.3356810561088475
0;0.6129010000000079;65.51439;15.0;209.35972315554883;4.9075949367088585;-0.1979113924050639;2.072;4.911583958567148;5.330744880601034
0;0.6135250000000099;65.51501400000001;15.0;184.56155357663096;4.910759493670886;-0.19860759493670918;2.3135000000000003;4.914774031575132;5.432060937751461
0;0.6141520000000043;65.515641;15.0;178.58380112449098;4.9162658227848075;-0.20158227848101098;2.3695000000000004;4.920396839207136;5.461211889798781
0;0.6147860000000094;65.51627500000001;15.0;175.21695829641;4.920189873417724;-0.20272151898734195;2.4010000000000002;4.924364365554488;5.478518541060426
0;0.6154240000000044;65.516913;15.0;174.81269964675644;4.920949367088608;-0.20360759493670968;2.4045;4.925159766562469;5.480768100929438
0;0.6160440000000023;65.517533;15.0;175.47667814926783;4.920759493670885;-0.205949367088607;2.3975;4.925067424549266;5.477617674350442
0;0.6166979999999995;65.518187;15.0;174.85992780041784;4.92012658227848;-0.20626582278481104;2.4045;4.924448311769798;5.4801287781668435
0;0.617328999999998;65.518818;15.0;175.21587281684165;4.923101265822782;-0.21360759493670886;2.3975;4.927733178466599;5.480014646710401
0;0.6179640000000006;65.519453;15.0;178.88345138271154;4.923227848101266;-0.2141139240506335;2.359;4.927881615541529;5.46341451994924
0;0.6191639999999978;65.520653;15.0;171.03716625930173;4.928291139240505;-0.22734177215189955;2.436;4.933531983729471;5.502166285608029
0;0.6197970000000055;65.521286;15.0;177.22389788021098;4.933670886075949;-0.22373417721518965;2.366;4.938741276293748;5.476232408706519
0;0.6204270000000065;65.521916;15.0;169.66786395117776;4.936518987341771;-0.23398734177215205;2.4429999999999996;4.942061289431306;5.512913820158576
0;0.621058000000005;65.522547;15.0;162.39177279757166;4.935506329113924;-0.2314556962025323;2.5235;4.940930526128474;5.548048910565605
0;0.6217079999999982;65.523197;15.0;162.6234056582301;4.935822784810128;-0.23879746835443014;2.52;4.941595976397028;5.5470506392084875
0;0.6223460000000074;65.523835;15.0;154.74541636287125;4.940189873417721;-0.24898734177215173;2.604;4.946460419510275;5.59001669780885
0;0.6229749999999967;65.524464;15.0;157.14260880243557;4.945126582278482;-0.25322784810126614;2.5725;4.951605927152448;5.5799782712669455
0;0.6235989999999987;65.525088;15.0;158.61660302113532;4.945886075949369;-0.25556962025316526;2.5549999999999997;4.952484720528292;5.5727129754784785
0;0.6242330000000038;65.525722;15.0;194.13699501842092;4.944303797468352;-0.25860759493670965;2.177;4.951062303164738;5.408543882582347
0;0.624873000000008;65.526362;15.0;212.60063727531258;4.9435443037974665;-0.26569620253164605;1.9914999999999998;4.950679221647078;5.3362249770458625
0;0.6255060000000014;65.526995;15.0;212.50496309453194;4.947025316455696;-0.26816455696202496;1.9879999999999998;4.954288214392076;5.338268980789954
0;0.6261279999999942;65.52761699999999;15.0;211.32808959053867;4.9475949367088585;-0.2722151898734169;1.9985;4.955077877021203;5.3429204577033484
0;0.6267639999999943;65.52825299999999;15.0;211.51976593480194;4.945379746835445;-0.27727848101265823;1.9985;4.9531468983306866;5.341129697586728
0;0.6274039999999985;65.528893;15.0;212.9400791921279;4.940126582278481;-0.2706962025316447;1.9914999999999998;4.947537476664479;5.333310354085867
0;0.6280469999999951;65.529536;15.0;217.13101506868696;4.94626582278481;-0.27177215189873305;1.9425000000000001;4.9537264450307275;5.320969079237049
0;0.6286759999999987;65.530165;15.0;206.74997265127925;4.941582278481012;-0.272911392405064;2.0509999999999997;4.9491126520925;5.357267684473314
0;0.6293019999999956;65.530791;15.0;210.1779445160637;4.945443037974682;-0.27208860759493714;2.0124999999999997;4.95292227399494;5.346175764248235
0;0.629926999999995;65.531416;15.0;205.73975983238012;4.94759493670886;-0.2714556962025326;2.0545;4.955036211043059;5.364079986609815
0;0.6305530000000061;65.532042;15.0;207.1501639916826;4.9448101265822775;-0.26791139240506356;2.044;4.952062570498383;5.357318331229819
0;0.6311880000000087;65.532677;15.0;215.80107157797113;4.945443037974682;-0.27303797468354385;1.9565000000000001;4.9529745181528595;5.325396588750133
0;0.6318119999999965;65.533301;15.0;210.50046620508652;4.948164556962024;-0.2765189873417721;2.0054999999999996;4.955884909189852;5.346290815428553
0;0.6328390000000041;65.534328;15.0;209.42438739146803;4.950443037974684;-0.28443037974683544;2.0124999999999997;4.958607356219582;5.351443091648733
0;0.6334460000000064;65.534935;15.0;215.0195357496008;4.953354430379745;-0.28474683544303947;1.9530000000000003;4.96153210946553;5.33207369353214
0;0.6340789999999998;65.535568;15.0;218.85248304198225;4.9501265822784815;-0.2899999999999996;1.9180000000000001;4.958614038275216;5.316632127633061
0;0.6347170000000091;65.536206;15.0;213.09010764137219;4.955189873417723;-0.28189873417721567;1.9705;4.963201948133107;5.340060283175862
0;0.6365150000000028;65.538004;15.0;173.84730013687397;4.959810126582279;-0.27443037974683626;2.373;4.967396554038757;5.505102862351994
0;0.6372700000000009;65.538759;15.0;151.33332567087658;4.964810126582278;-0.28044303797468245;2.6215;4.97272439318352;5.621409977982607
0;0.6379100000000051;65.539399;15.0;136.20107480480797;4.962721518987341;-0.2766455696202537;2.8070000000000004;4.970426304273159;5.70827352587545
0;0.6385430000000127;65.54003200000001;15.0;120.7028231090801;4.963734177215191;-0.2733544303797479;3.01;4.971255337101726;5.81149547248059
0;0.6391809999999936;65.54066999999999;15.0;113.84482384274845;4.965886075949366;-0.28063291139240487;3.1045;4.973809339959099;5.86316464038529
0;0.6398009999999914;65.54128999999999;15.0;99.91195430236253;4.968164556962026;-0.28164556962025245;3.3145;4.976141405943002;5.97895421808366
0;0.6404349999999965;65.541924;15.0;100.40500450442352;4.973607594936708;-0.28449367088607624;3.304;4.981737564061995;5.977802703099722
0;0.6410800000000023;65.542569;15.0;100.49035241492787;4.970253164556962;-0.2856962025316462;3.304;4.978457475958743;5.97506944226839
0;0.6417189999999948;65.54320799999999;15.0;100.43358195025166;4.9713291139240505;-0.29069620253164485;3.304;4.979821025008349;5.97620560565943
0;0.642353;65.543842;15.0;103.01205652604918;4.973291139240506;-0.2947468354430368;3.262;4.982017708986171;5.954926066094508
0;0.6429609999999997;65.54445;15.0;100.04936155770795;4.974303797468355;-0.30569620253164637;3.3074999999999997;4.9836882364119015;5.981363112848974
0;0.6435990000000089;65.545088;15.0;102.91632552675155;4.975506329113924;-0.3001265822784804;3.262;4.984550049547389;5.957044837538398
0;0.6442389999999989;65.545728;15.0;102.34123244703456;4.971265822784809;-0.30499999999999927;3.2725;4.98061330367941;5.959510477445972
0;0.6448999999999927;65.54638899999999;15.0;102.67387982581647;4.973481012658225;-0.3131645569620258;3.2655000000000003;4.983330755931128;5.957942234782837
0;0.6455219999999997;65.547011;15.0;103.01083088668784;4.978607594936707;-0.30658227848101405;3.2585;4.988038319604218;5.958049053829623
0;0.6461609999999922;65.54764999999999;15.0;103.56049544212807;4.974810126582279;-0.30810126582278446;3.2515;4.984341700319832;5.951127156728143
0;0.6467150000000004;65.548204;15.0;105.38419757812382;4.981202531645572;-0.3105063291139244;3.22;4.990870950214207;5.939460652423927
0;0.6468030000000056;65.548292;15.0;105.6850642889106;4.972911392405063;-0.30322784810126563;3.22;4.982147613687915;5.932132402819089
0;0.6474210000000085;65.54891;15.0;105.68892790134987;4.97120253164557;-0.3110759493670899;3.22;4.980925903575956;5.931106377136896
0;0.6480609999999984;65.54955;15.0;114.52446314409204;4.975253164556962;-0.30981012658227913;3.087;4.984889804796792;5.863334833178726
0;0.6486719999999906;65.55016099999999;15.0;124.26352715589009;4.977088607594937;-0.30645569620253243;2.9505;4.986514424082847;5.794029370963378
0;0.6493150000000014;65.550804;15.0;110.46616974276027;4.976708860759493;-0.2993037974683553;3.1465;4.985700938478063;5.895564103454481
0;0.6499400000000009;65.551429;15.0;110.14118970716432;4.97746835443038;-0.3089873417721522;3.15;4.987049668564701;5.898573081409715
0;0.6505840000000092;65.55207300000001;15.0;124.07688567363518;4.976012658227848;-0.30322784810126563;2.9539999999999997;4.98524313376067;5.794718725072676
0;0.6512210000000067;65.55271;15.0;111.24038134641617;4.981265822784812;-0.3017088607594934;3.1325000000000003;4.9903945168598485;5.892078893217982
0;0.6518610000000109;65.55335000000001;15.0;113.61840426013072;4.975759493670887;-0.2976582278481014;3.101;4.984654748271102;5.870518201953013
0;0.6525120000000015;65.554001;15.0;114.38298857554726;4.974493670886076;-0.29905063291139383;3.0905;4.983474547214056;5.8639755126305175
0;0.6531549999999982;65.554644;15.0;114.48044459596508;4.968860759493671;-0.3150000000000002;3.0905;4.978835430824764;5.860033489429563
0;0.6537890000000033;65.555278;15.0;113.87429331392669;4.971772151898734;-0.3168354430379747;3.0975;4.981857387396877;5.866294339560609
0;0.6544130000000052;65.555902;15.0;114.88448156894393;4.9724050632911405;-0.3082911392405069;3.0835;4.981952984520988;5.858995459119044
0;0.6550670000000025;65.556556;15.0;113.68098387891014;4.9718354430379765;-0.30949367088607505;3.101;4.981459023716563;5.867804956281963
0;0.6556690000000032;65.557158;15.0;114.84768870252411;4.973417721518988;-0.30816455696202527;3.0835;4.982955872460313;5.859848246916188
0;0.6563069999999982;65.557796;15.0;114.3370731898199;4.975379746835444;-0.3010126582278481;3.0905;4.984477128609753;5.8648275759508675
0;0.6569170000000071;65.558406;15.0;126.49397273265652;4.973544303797466;-0.30816455696202527;2.9225;4.983082212446813;5.776860270597154
0;0.6575300000000084;65.559019;15.0;139.0872574087693;4.97120253164557;-0.3112658227848105;2.7615000000000003;4.980937765428638;5.695228114226262
0;0.6581759999999974;65.559665;15.0;162.69881924645077;4.971962025316457;-0.30936708860759526;2.4815;4.981577498815256;5.565425107456075
0;0.6588220000000007;65.560311;15.0;164.8713315352406;4.97651898734177;-0.3060759493670876;2.4535;4.985922554367859;5.556895353356414
0;0.6598520000000008;65.561341;15.0;158.67427920043588;4.969746835443039;-0.2982278481012651;2.5305;4.978686921044464;5.5848682802532785
0;0.6604850000000084;65.561974;15.0;158.3211532811022;4.975316455696201;-0.29405063291139333;2.5305;4.983998355641482;5.589603730054305
0;0.6611170000000044;65.562606;15.0;164.81325062538988;4.976202531645569;-0.28468354430379683;2.457;4.984339109285517;5.557021266501788
0;0.6617400000000089;65.563229;15.0;165.17386198939684;4.9759493670886075;-0.28177215189873406;2.4535;4.983920911231955;5.5550994500022375
0;0.6623689999999982;65.563858;15.0;158.9826817251543;4.969240506329113;-0.2705063291139241;2.5305;4.976597721720403;5.583005922783237
0;0.6630059999999958;65.564495;15.0;157.13648466938687;4.9736075949367065;-0.27189873417721466;2.548;4.981034172745582;5.59490888487554
0;0.6636290000000002;65.565118;15.0;158.23782035501003;4.9765189873417714;-0.2619620253164563;2.534;4.983409007304244;5.590663765071288
0;0.6642590000000155;65.56574800000001;15.0;152.28016528488283;4.972278481012657;-0.25253164556961905;2.6075;4.978687128626946;5.6201763117143955
0;0.6648789999999991;65.566368;15.0;152.24202015969416;4.977721518987339;-0.24974683544303783;2.604;4.983982845315926;5.623246482451523
0;0.6655080000000027;65.566997;15.0;152.10110426295364;4.971518987341771;-0.24398734177215123;2.6109999999999998;4.977502472570434;5.620751894937614
0;0.6661370000000062;65.567626;15.0;152.22912430932098;4.970126582278482;-0.23936708860759381;2.6109999999999998;4.975887342673632;5.619321653632194
0;0.6667770000000104;65.56826600000001;15.0;158.2429328483529;4.961962025316455;-0.23892405063291175;2.548;4.967710925834294;5.583050764828618
0;0.6673930000000041;65.568882;15.0;146.29497541449936;4.962911392405064;-0.22367088607595065;2.688;4.967949089326699;5.6485274323616395
0;0.6680300000000017;65.569519;15.0;160.9883779184592;4.964050632911393;-0.22436708860759413;2.5164999999999997;4.9691185613303945;5.570001034699926
0;0.670100000000005;65.571589;15.0;128.08893464806027;4.970189873417721;-0.21208860759493664;2.912;4.97471295205016;5.764331093483061
0;0.6711049999999972;65.572594;15.0;108.69937012788536;4.974303797468352;-0.20506329113923927;3.1815;4.978528821135911;5.9082731379719515
0;0.671740000000014;65.57322900000001;15.0;106.33034507741097;4.9765189873417714;-0.19993670886075895;3.2165;4.980533698201754;5.928877479668747
0;0.6723610000000093;65.57385000000001;15.0;106.75804791094455;4.978354430379746;-0.1936075949367087;3.2095000000000002;4.982117695849709;5.926414344719648
0;0.6729930000000053;65.574482;15.0;106.22939479049086;4.980696202531645;-0.19240506329113874;3.2165;4.984411135760493;5.93213508108954
0;0.6736250000000013;65.575114;15.0;106.74567008519789;4.979493670886075;-0.18753164556961985;3.2095000000000002;4.9830237142205664;5.927176021216557
0;0.6742619999999988;65.575751;15.0;106.99283721121378;4.979810126582279;-0.18044303797468347;3.206;4.9830782240262845;5.925327382243529
0;0.6749060000000071;65.576395;15.0;106.85186715641072;4.977658227848102;-0.17462025316455607;3.2095000000000002;4.980720195521845;5.925239566133944
0;0.6755319999999898;65.57702099999999;15.0;106.88741408276421;4.9766455696202545;-0.17367088607594935;3.2095000000000002;4.979674959502007;5.9243609741719245
0;0.6761759999999981;65.577665;15.0;106.91909762852276;4.976455696202533;-0.16632911392404973;3.2095000000000002;4.979234546635195;5.923990793409912
0;0.6768080000000083;65.578297;15.0;106.75403182344259;4.982088607594935;-0.16221518987341696;3.2095000000000002;4.984728745052524;5.9286095259978895
0;0.6774620000000056;65.578951;15.0;107.066212297695;4.980443037974683;-0.15316455696202633;3.206;4.982797631453626;5.925091411617196
0;0.6780880000000025;65.579577;15.0;109.56904126467519;4.98272151898734;-0.14822784810126663;3.1675;4.984925799922426;5.906144383667931
0;0.6787099999999953;65.580199;15.0;106.48745746553794;4.984620253164556;-0.14854430379746889;3.213;4.986833111148693;5.932273887679913
0;0.6793469999999928;65.58083599999999;15.0;106.25928351717798;4.985632911392405;-0.13721518987341813;3.2165;4.9875207804570705;5.934748165296578
0;0.6799840000000046;65.581473;15.0;106.21741391915018;4.9877215189873425;-0.12835443037974809;3.2165;4.989372787311799;5.93630466374221
0;0.6805270000000121;65.58201600000001;15.0;109.86784775604097;4.996012658227849;-0.1327848101265831;3.157;4.997776934495301;5.911380827435604
0;0.680618999999993;65.58210799999999;15.0;108.81765845440033;4.986012658227848;-0.12708860759493731;3.178;4.987632077668596;5.914064401254754
0;0.6812550000000073;65.582744;15.0;108.21055950871009;4.98367088607595;-0.12145569620253234;3.1885000000000003;4.985150648361701;5.917622769056937
0;0.6818689999999918;65.58335799999999;15.0;107.45947652902476;4.9784810126582295;-0.11772151898734083;3.2025;4.9798726438967496;5.9207379438234895
0;0.6824909999999988;65.58398;15.0;107.50122265755147;4.9777848101265825;-0.1094936708860771;3.2025;4.978988901362509;5.919994656238386
0;0.6831279999999964;65.584617;15.0;106.79370187215507;4.978417721518988;-0.10645569620253088;3.213;4.979555785929933;5.926157678056523
0;0.6837650000000082;65.585254;15.0;107.43980034010796;4.973291139240506;-0.097151898734177;3.206;4.974239966776411;5.917896522166959
0;0.6843819999999994;65.585871;15.0;103.21381212006622;4.977594936708861;-0.08803797468354374;3.269;4.97837343305382;5.9557168366986755
0;0.6850200000000086;65.586509;15.0;107.60027823381847;4.975886075949369;-0.09126582278481059;3.2025;4.976722987191009;5.918089044720043
0;0.6856510000000071;65.58714;15.0;107.4283205200226;4.9744936708860745;-0.08259493670886119;3.206;4.9751793138796065;5.918686104639741
0;0.6862880000000047;65.587777;15.0;107.28931604161728;4.979050632911391;-0.078291139240506;3.206;4.979666124107007;5.922458164274265
0;0.6869219999999956;65.588411;15.0;112.69364933061952;4.973481012658227;-0.07075949367088576;3.129;4.973984347504168;5.876322088621119
0;0.6875560000000007;65.589045;15.0;113.1728629413099;4.973481012658229;-0.07367088607595036;3.122;4.974026616608232;5.87263354745783
0;0.6881800000000027;65.589669;15.0;107.73826889598969;4.972721518987343;-0.06974683544303642;3.2025;4.973210625587268;5.9151356853798465
0;0.6888179999999977;65.590307;15.0;108.68717477542764;4.971898734177215;-0.07841772151898761;3.1885000000000003;4.972517105245715;5.906983884518496
0;0.6894379999999956;65.590927;15.0;122.2686893733043;4.96525316455696;-0.06544303797468302;2.9995;4.965684422047203;5.801294857991814
0;0.6900690000000083;65.591558;15.0;113.06980516815177;4.970379746835444;-0.05398734177215244;3.1255;4.970672938428316;5.871655619229008
0;0.6906900000000036;65.592179;15.0;133.6580046529722;4.96746835443038;-0.05601265822784932;2.8489999999999998;4.967784140856869;5.726751284118162
0;0.6913260000000037;65.592815;15.0;154.2699801207939;4.966392405063292;-0.0580379746835444;2.6005;4.966731513538427;5.606337679588673
0;0.6920849999999916;65.59357399999999;15.0;159.6869807610156;4.963670886075948;-0.04816455696202504;2.541;4.963904560910225;5.576471060610405
0;0.69272500000001;65.59421400000001;15.0;178.2730303170718;4.963164556962024;-0.04215189873417701;2.338;4.9633435506774;5.486439938799197
0;0.6933530000000019;65.594842;15.0;177.32282928474217;4.962721518987341;-0.04443037974683533;2.3485;4.962920403720421;5.490540154089073
0;0.6939759999999922;65.59546499999999;15.0;153.35924975053874;4.971455696202534;-0.037151898734178325;2.6075;4.971594513119928;5.61389421461468
0;0.6946070000000049;65.596096;15.0;141.3680499775801;4.965506329113923;-0.045379746835442054;2.7545;4.965713687466614;5.678519408780187
0;0.6952430000000049;65.596732;15.0;112.78226918989672;4.964936708860759;-0.05132911392404928;3.1325000000000003;4.965202030222873;5.8707569742691055
0;0.6958699999999993;65.597359;15.0;112.60563654449723;4.962911392405064;-0.056329113924051565;3.136;4.963231050227205;5.870958904466923
0;0.696509000000006;65.597998;15.0;112.52229792107931;4.965189873417723;-0.058417721518987456;3.136;4.965533517083272;5.8729055082878165
0;0.6971379999999954;65.598627;15.0;107.22200183614594;4.967784810126583;-0.05044303797468336;3.213;4.968040903596157;5.91648539420191
0;0.6977780000000138;65.59926700000001;15.0;112.84191633804897;4.963607594936709;-0.038987341772152774;3.1325000000000003;4.9637607083069435;5.869538024353522
0;0.6984280000000069;65.599917;15.0;112.89468894879674;4.962025316455694;-0.042911392405063115;3.1325000000000003;4.9622108609716875;5.8682274051663486
0;0.6990629999999953;65.600552;15.0;112.88475874055796;4.962594936708862;-0.030126582278480953;3.1325000000000003;4.962686381065019;5.86862951350724
0;0.6996949999999913;65.60118399999999;15.0;112.72532206149143;4.960126582278483;-0.03569620253164512;3.136;4.9602550268207795;5.868443228923733
0;0.7003320000000031;65.601821;15.0;112.88196435752023;4.955886075949368;-0.026645569620252673;3.136;4.955957706051295;5.864811402267699
0;0.7009570000000025;65.602446;15.0;112.91480973408198;4.961898734177215;-0.02082278481012707;3.1325000000000003;4.961942425763996;5.868000416376663
0;0.7015969999999925;65.60308599999999;15.0;116.44321882290345;4.959620253164558;-0.0282911392405065;3.0835;4.959700943016585;5.840086103317279
0;0.7033910000000105;65.60488000000001;15.0;102.2440644227595;4.950822784810126;-0.04075949367088642;3.2969999999999997;4.950990565828155;5.948320484213959
0;0.703794000000002;65.605283;15.0;96.70405810020301;4.952468354430379;-0.03778481012658281;3.3845;4.9526124917573195;5.998600732130006
0;0.7044319999999971;65.605921;15.0;97.43538742208798;4.9490506329113915;-0.037911392405062624;3.3739999999999997;4.949195837789684;5.9898593840585885
0;0.7050530000000066;65.606542;15.0;97.48300834499466;4.947088607594936;-0.04000000000000031;3.3739999999999997;4.947250316225731;5.988251972937979
0;0.7057109999999938;65.60719999999999;15.0;96.98111740685637;4.949999999999998;-0.03620253164556979;3.381;4.950132384421404;5.994578519236989
0;0.7063279999999992;65.607817;15.0;97.641322301856;4.940949367088606;-0.033037974683543754;3.3739999999999997;4.94105982112183;5.983138654243648
0;0.7069590000000119;65.60844800000001;15.0;97.67041994547961;4.939683544303795;-0.037025316455696705;3.3739999999999997;4.939822303678985;5.982116715003507
0;0.7075940000000003;65.609083;15.0;97.13491898835984;4.94398734177215;-0.027721518987341022;3.381;4.944065060071339;5.989569293214514
0;0.7082329999999928;65.60972199999999;15.0;97.68060232611802;4.939303797468354;-0.03601265822784737;3.3739999999999997;4.939435080577327;5.981796963725695
0;0.7090859999999992;65.610575;15.0;96.92505526766404;4.93493670886076;-0.027025316455695725;3.388;4.935010708011787;5.986056689356609
0;0.7097040000000021;65.611193;15.0;97.55399241545774;4.93601265822785;-0.017784810126582652;3.3775;4.936044698101588;5.980973458531379
0;0.7103420000000114;65.61183100000001;15.0;97.27819612854547;4.9383544303797455;-0.018607594936709566;3.381;4.9383894867295135;5.984885272303939
0;0.7115340000000003;65.613023;15.0;97.2652571673123;4.93;-0.02284810126582395;3.3845;4.930052944516057;5.979988485417965
0;0.7121729999999928;65.61366199999999;15.0;97.3769497207003;4.925506329113922;-0.01974683544303872;3.3845;4.92554591244984;5.976273319189085
0;0.7128110000000021;65.6143;15.0;97.9662346061837;4.919430379746835;-0.01791139240506247;3.3775;4.919462986866958;5.967296065149942
0;0.7134280000000075;65.614917;15.0;97.91576044818135;4.921455696202532;-0.01835443037974633;3.3775;4.921489922249045;5.9689671891206535
0;0.7139799999999923;65.61546899999999;15.0;101.81133807150154;4.926075949367088;-0.026582278481011867;3.3145;4.926147670996283;5.937410304708788
0;0.7140690000000092;65.61555800000001;15.0;101.06175380044711;4.920379746835444;-0.02373417721518987;3.3285;4.920436989154165;5.940506073916304
0;0.7146949999999919;65.61618399999999;15.0;98.84442405225714;4.919620253164558;-0.020126582278481773;3.3634999999999997;4.919661422766929;5.959547026801712
0;0.7153300000000087;65.616819;15.0;99.10595847141288;4.918101265822786;-0.018101265822784894;3.36;4.918134576921628;5.956311586603918
0;0.7159359999999992;65.617425;15.0;98.61836626945066;4.919810126582279;-0.019303797468354863;3.367;4.919847997470881;5.961677055847476
0;0.7165680000000094;65.61805700000001;15.0;98.77095531639716;4.913797468354429;-0.017278481012657984;3.367;4.913827846588899;5.956709922928302
0;0.717213000000001;65.618702;15.0;99.04780851417537;4.911645569620252;-0.017848101265823462;3.3634999999999997;4.911677998025628;5.952958340715064
0;0.7178380000000004;65.619327;15.0;99.13521688223997;4.9081012658227845;-0.024303797468353552;3.3634999999999997;4.9081614388834645;5.950057223266227
0;0.7184579999999983;65.619947;15.0;99.03359451166294;4.912215189873419;-0.017088607594937355;3.3634999999999997;4.912244913696047;5.953426101173398
0;0.7190939999999983;65.620583;15.0;99.08761033717906;4.910126582278481;-0.013734177215190694;3.3634999999999997;4.910145790261379;5.951694206830652
0;0.7207559999999944;65.62224499999999;15.0;98.89921520275416;4.90879746835443;-0.009303797468353883;3.367;4.9088062852357695;5.952568197506871
0;0.7213899999999995;65.622879;15.0;99.31746529347593;4.9099367088607595;-0.0037974683544305236;3.36;4.909938177389236;5.949545604983991
0;0.7220370000000003;65.623526;15.0;98.81079560353164;4.903481012658229;-0.0003164556962022438;3.3705;4.903481022869772;5.950159358508307
0;0.7226710000000054;65.62416;15.0;107.88731018958474;4.902278481012659;0.0018987341772152618;3.234;4.902278848718344;5.872911876624002
0;0.7233200000000011;65.624809;15.0;108.60424815022063;4.90246835443038;0.009113924050633257;3.2235;4.902476826034257;5.867301873928333
0;0.7239470000000097;65.62543600000001;15.0;107.56752195955801;4.904810126582279;0.011392405063291571;3.2375000000000003;4.904823357137054;5.876963366800681
0;0.7245840000000072;65.626073;15.0;117.24794040873732;4.904936708860759;0.01999999999999836;3.101;4.904977483937088;5.803016897953151
0;0.7252259999999922;65.62671499999999;15.0;119.95353027392251;4.902025316455694;0.02436708860759616;3.066;4.9020858782950505;5.7819375609028985
0;0.7258589999999998;65.627348;15.0;139.07140485602605;4.902658227848102;0.021582278481011376;2.8245;4.902705731923049;5.658120159896847
0;0.7264909999999958;65.62798;15.0;156.21050977714552;4.901455696202532;0.025000000000000647;2.6285;4.901519452357223;5.561825706711444
0;0.727129000000005;65.628618;15.0;156.29718105651435;4.895506329113923;0.01993670886075935;2.632;4.8955469245789764;5.558219471265477
0;0.7277470000000079;65.629236;15.0;152.12994390951332;4.901455696202531;0.023101265822785384;2.674;4.901510135694799;5.583464660076112
0;0.7283919999999995;65.629881;15.0;160.59122936282805;4.9027848101265805;0.022594936708860716;2.5795;4.902836875276681;5.540002678300148
0;0.7290319999999895;65.63052099999999;15.0;161.2135538354814;4.903101265822786;0.02227848101265847;2.5725;4.903151879518851;5.5370257904067275
0;0.7296710000000104;65.63116000000001;15.0;162.0289355593686;4.900759493670885;0.021582278481013174;2.5655;4.900807016150477;5.53169952722938
0;0.7303059999999988;65.631795;15.0;149.85835220730186;4.903101265822786;0.02341772151898763;2.6985;4.903157188240466;5.596682290660616
0;0.7309280000000058;65.632417;15.0;160.48509796928332;4.904113924050634;0.03430379746835453;2.5795;4.904233898437966;5.541239065460725
0;0.7315650000000034;65.633054;15.0;164.30254833054232;4.896075949367087;0.04183544303797477;2.5444999999999998;4.896254681515761;5.517951626850765
0;0.7321820000000088;65.633671;15.0;160.54671957051684;4.898481012658227;0.04512658227848062;2.583;4.898688869463063;5.5379636726689805
0;0.7328030000000041;65.634292;15.0;161.02178380237416;4.887151898734176;0.04721518987341651;2.5865;4.887379968393684;5.5295990094631495
0;0.733430999999996;65.63492;15.0;163.9808869710909;4.886962025316455;0.04651898734177301;2.5549999999999997;4.887183427401555;5.514760815581072
0;0.7340690000000052;65.635558;15.0;179.07631166056166;4.888037974683543;0.049367088607595006;2.3975;4.888287261545294;5.444571480051115
0;0.7347010000000012;65.63619;15.0;179.15204833496884;4.887215189873417;0.047025316455697685;2.3975;4.887441425993484;5.44381207817805
0;0.7353360000000038;65.636825;15.0;187.4875053299281;4.884050632911393;0.05044303797468336;2.317;4.884311116720791;5.406013696331364
0;0.7359750000000105;65.63746400000001;15.0;216.5444854222376;4.882594936708859;0.05898734177215113;2.0404999999999998;4.882951241049242;5.29215013699199
0;0.7377639999999985;65.639253;15.0;175.47897958603815;4.868544303797466;0.07265822784810101;2.4499999999999997;4.86908644984999;5.450734157534449
0;0.7381600000000077;65.639649;15.0;148.83273740733478;4.873227848101265;0.07018987341772208;2.73;4.8737332998267435;5.586248855702732
0;0.7388159999999999;65.640305;15.0;135.12751508530636;4.870253164556961;0.07335443037974632;2.891;4.870805555483962;5.664152872171921
0;0.7394560000000041;65.640945;15.0;118.41173622331344;4.872468354430381;0.07126582278481043;3.101;4.872989501571156;5.776004473892199
0;0.7400910000000067;65.64158;15.0;113.04984194302662;4.870696202531647;0.07354430379746874;3.1745;4.871251406156047;5.81433921542055
0;0.7407329999999916;65.64222199999999;15.0;111.40886859922112;4.8666455696202515;0.0797468354430374;3.1990000000000003;4.867298907820189;5.824448442390714
0;0.7413480000000021;65.642837;15.0;110.6040114326865;4.867911392405062;0.08715189873417602;3.2095000000000002;4.8686914851692915;5.831384657845851
0;0.7419989999999927;65.64348799999999;15.0;118.00348901703235;4.868291139240506;0.09120253164556977;3.108;4.869145358087617;5.776524951749641
0;0.7426349999999928;65.64412399999999;15.0;130.56640764965536;4.86778481012658;0.10424050632911337;2.947;4.868900804171186;5.691309518982324
0;0.7432700000000096;65.64475900000001;15.0;148.83509400578586;4.866835443037973;0.09677215189873395;2.7335000000000003;4.867797456652623;5.582783743706516
0;0.7439109999999971;65.6454;15.0;168.21715050356084;4.868101265822786;0.10708860759493717;2.5235;4.869278992230989;5.48433497829792
0;0.7445459999999997;65.646035;15.0;174.95188973857498;4.864683544303797;0.11354430379746726;2.457;4.866008456131679;5.451136330632816
0;0.7451830000000115;65.64667200000001;15.0;174.6093399473024;4.8603797468354415;0.11411392405063274;2.464;4.861719168268606;5.450468720312996
0;0.745812000000015;65.64730100000001;15.0;179.79949979355243;4.864746835443038;0.1189873417721516;2.408;4.866201779669135;5.429399944787182
0;0.7464470000000034;65.647936;15.0;174.60347184637115;4.85892405063291;0.13867088607594952;2.464;4.860902441364568;5.4497402272460675
0;0.7470920000000092;65.64858100000001;15.0;185.83073383586188;4.855379746835443;0.14189873417721457;2.3555;4.85745280334672;5.398446812439751
0;0.747641999999999;65.649131;15.0;178.04747096768253;4.854746835443037;0.1459493670886083;2.4324999999999997;4.856940194607891;5.432027642050226
0;0.7477379999999982;65.649227;15.0;178.0484277704449;4.854493670886075;0.14930379746835498;2.4324999999999997;4.8567891064582405;5.4318925499876585
0;0.7483789999999999;65.649868;15.0;168.56772230138674;4.856265822784809;0.15056962025316395;2.527;4.858599484634538;5.476469478787497
0;0.749020999999999;65.65051;15.0;159.7745936314031;4.857341772151897;0.15474683544303752;2.618;4.859806135492584;5.520112288221261
0;0.7496620000000007;65.651151;15.0;169.8854746564634;4.852278481012656;0.15259493670886085;2.5164999999999997;4.8546772984419535;5.468149954235679
0;0.7502989999999983;65.651788;15.0;179.7321495944112;4.855569620253165;0.14677215189873344;2.415;4.857787397745856;5.424972202850301
0;0.7509340000000009;65.652423;15.0;180.5030870252278;4.850316455696204;0.15246835443037923;2.4114999999999998;4.852712264239463;5.41886967637164
0;0.7515720000000101;65.65306100000001;15.0;183.29838655177008;4.850949367088607;0.15215189873417878;2.3835;4.853334932017959;5.40702618935268
0;0.7522060000000153;65.65369500000001;15.0;182.90428869381515;4.854746835443037;0.16063291139240574;2.3835;4.85740360362062;5.410678517382694
0;0.7528420000000011;65.654331;15.0;181.02627564853367;4.851898734177214;0.15993670886076045;2.4045;4.85453407419823;5.417390638264114
0;0.7534840000000003;65.654973;15.0;185.29152904709426;4.847468354430381;0.16854430379746904;2.366;4.850397574379502;5.396694602212224
0;0.754131000000001;65.65562;15.0;184.03872361243003;4.845379746835444;0.16879746835443046;2.3800000000000003;4.848319036157375;5.400981158675336
0;0.7547780000000159;65.65626700000001;15.0;180.31526650506882;4.846455696202532;0.17651898734177313;2.415;4.849669243169696;5.417704012600368
0;0.7554210000000126;65.65691000000001;15.0;183.648706858602;4.8451898734177234;0.17525316455696235;2.3835;4.848358338773743;5.402559655492652
0;0.7560679999999991;65.657557;15.0;193.0339347884088;4.842025316455697;0.1762658227848099;2.2960000000000003;4.845232585282145;5.361706333386779
0;0.7566759999999988;65.658165;15.0;192.2363069487953;4.846962025316455;0.17000000000000043;2.2995;4.8499423578904315;5.367461329610098
0;0.7580460000000073;65.659535;15.0;197.85418837813467;4.842025316455695;0.17658227848101393;2.2505;4.84524410801679;5.342390917582821
0;0.7586820000000074;65.660171;15.0;201.15570948344106;4.8387341772151915;0.18094936708860634;2.2225;4.842116387614009;5.327813562916794
0;0.7593070000000068;65.660796;15.0;226.26948065722294;4.8383544303797485;0.17974683544303818;1.9949999999999999;4.841692113179764;5.236602669558493
0;0.7599330000000037;65.661422;15.0;252.3139819457045;4.8369620253164545;0.17867088607594983;1.7675;4.84026083180283;5.152880861215852
0;0.760588999999996;65.662078;15.0;252.32485803362798;4.8360126582278475;0.19006329113923962;1.7675;4.839746117843234;5.152397377452427
0;0.761217000000002;65.662706;15.0;275.2766175625794;4.841075949367087;0.19594936708860602;1.5575;4.8450399897217435;5.08922575172323
0;0.7618520000000046;65.663341;15.0;287.27466748229386;4.833164556962023;0.20044303797468363;1.4629999999999999;4.837319200357408;5.053714084329112
0;0.7624849999999981;65.663974;15.0;287.34581171292325;4.834240506329114;0.20772151898734245;1.4595;4.83870122062559;5.0540251040614725
0;0.7631279999999947;65.66461699999999;15.0;286.923784038115;4.833481012658227;0.19373417721519032;1.4665;4.837362052932243;5.054769419187076
0;0.7637600000000049;65.665249;15.0;289.0273031241423;4.8249367088607595;0.18898734177215126;1.4629999999999999;4.828636501111075;5.045403795521445
0;0.7643990000000116;65.66588800000001;15.0;286.94454866797287;4.827848101265823;0.18512658227847992;1.4769999999999999;4.83139618954626;5.052120162898159
0;0.7650050000000022;65.666494;15.0;276.5667265135573;4.820822784810127;0.1921518987341773;1.5785;4.824650730854164;5.076309380320669
0;0.7656379999999956;65.667127;15.0;278.39750413775226;4.82;0.1871518987341786;1.5645;4.823632016769087;5.071004445196219
0;0.7662729999999982;65.667762;15.0;267.68698715812576;4.818607594936708;0.18822784810126517;1.6589999999999998;4.822282538050063;5.099675467790333
0;0.76691000000001;65.66839900000001;15.0;277.70832064042725;4.817088607594935;0.18740506329113824;1.575;4.820732652944786;5.071497639866164
0;0.7675469999999933;65.66903599999999;15.0;292.028739591975;4.814113924050632;0.18177215189873505;1.456;4.817544394081291;5.032759679236042
0;0.7681680000000028;65.669657;15.0;278.7462196018755;4.816265822784809;0.18158227848101263;1.568;4.819687603941088;5.068334302271643
0;0.7688260000000042;65.670315;15.0;277.94284308230493;4.816075949367088;0.18360759493670772;1.575;4.8195745973053;5.070396858135519
0;0.7694680000000034;65.670957;15.0;299.3902209146275;4.814493670886075;0.18816455696202433;1.3895;4.818169279664092;5.014525446889147
0;0.7712369999999993;65.672726;15.0;275.5659003847541;4.804620253164558;0.1784810126582274;1.6135000000000002;4.807934197656886;5.071450827820237
0;0.7716419999999999;65.673131;15.0;264.44747246252865;4.8044936708860755;0.17740506329113906;1.708;4.80776788021902;5.102146214101051
0;0.7722729999999984;65.673762;15.0;264.51142180695683;4.807341772151898;0.16708860759493585;1.7045;4.810244642122121;5.1033100794547614
0;0.7729100000000102;65.67439900000001;15.0;262.15097152833295;4.810696202531647;0.18044303797468347;1.7185;4.8140791064341615;5.111614215979717
0;0.7735289999999964;65.675018;15.0;263.61691378521164;4.806898734177215;0.1789873417721521;1.7115;4.810229922690721;5.105638467336791
0;0.7741940000000085;65.675683;15.0;265.47596688074657;4.803227848101267;0.17822784810126596;1.701;4.806533358525075;5.098643341773804
0;0.7756059999999962;65.677095;15.0;263.6638464582242;4.805000000000001;0.1666455696202538;1.7149999999999999;4.807888907397306;5.10460779549948
0;0.7762579999999986;65.677747;15.0;264.03761697184046;4.807784810126582;0.1660126582278475;1.708;4.810650162210485;5.104862288365452
0;0.7769090000000034;65.678398;15.0;270.88952513202605;4.80373417721519;0.16867088607594885;1.6555;4.80669448926754;5.083797022222163
0;0.7775400000000019;65.679029;15.0;264.7610982399362;4.797721518987342;0.1756329113924036;1.7149999999999999;4.8009351894519865;5.098058816188607
0;0.778160000000014;65.67964900000001;15.0;264.26619244971664;4.800696202531645;0.17582278481012603;1.7149999999999999;4.803914828622604;5.100864895354526
0;0.7787720000000036;65.680261;15.0;275.5019958461006;4.80025316455696;0.17943037974683593;1.6205;4.8036054901516625;5.069580451577349
0;0.7794080000000037;65.680897;15.0;265.61524180753855;4.795000000000002;0.17689873417721438;1.7115;4.798261993905034;5.094364573933977
0;0.7800490000000053;65.681538;15.0;260.4694576319457;4.793417721518987;0.1740506329113924;1.7570000000000001;4.796576599595708;5.1082478479209605
0;0.7814280000000053;65.682917;15.0;277.1088246014369;4.79126582278481;0.17879746835442964;1.6205;4.794600788311343;5.061048998900896
0;0.782069000000007;65.683558;15.0;266.25628894790157;4.785949367088607;0.1791139240506319;1.7185;4.789299859282634;5.088284130443647
0;0.7826100000000054;65.684099;15.0;258.82532342295434;4.779493670886075;0.18050632911392248;1.7885;4.7829010323119;5.106356287499946
0;0.7827000000000055;65.684189;15.0;248.1737181211364;4.782405063291138;0.18550632911392478;1.8725;4.786001544873763;5.139267169308679
0;0.783338999999998;65.684828;15.0;225.66650335650615;4.7855063291139235;0.18993670886075978;2.058;4.789274139090628;5.212725849242628
0;0.7839620000000025;65.685451;15.0;220.6925700037351;4.786265822784809;0.1886708860759508;2.1;4.7899830093237945;5.230099160590613
0;0.7845840000000095;65.68607300000001;15.0;225.02312447739405;4.778291139240507;0.18107594936708796;2.072;4.781720894278914;5.211337516490707
0;0.7852239999999995;65.686713;15.0;220.712210462342;4.775696202531645;0.19208860759493648;2.1105;4.779557746491085;5.224785402487162
0;0.7858389999999957;65.687328;15.0;226.48588113921255;4.775379746835444;0.19417721518987416;2.0614999999999997;4.779325948016629;5.2049725039989445
0;0.7864639999999952;65.687953;15.0;223.57593372342788;4.775632911392404;0.1935443037974679;2.086;4.779553232458735;5.214932895244841
0;0.7870970000000028;65.688586;15.0;226.4825446492336;4.769493670886076;0.18664556962025394;2.0685;4.773144293364826;5.202076383068707
0;0.7877330000000029;65.689222;15.0;222.04120983731605;4.772151898734178;0.18462025316455705;2.1035;4.775721765604731;5.218450980173213
0;0.7883460000000042;65.689835;15.0;227.63289518562476;4.7679746835443035;0.17449367088607626;2.0614999999999997;4.771166589430587;5.1974813971864
0;0.7889860000000084;65.690475;15.0;226.57922730489426;4.7698101265822785;0.1734177215189879;2.0685;4.772961591065204;5.2019087458147215
0;0.7896319999999974;65.691121;15.0;221.40297153381368;4.768481012658227;0.16930379746835333;2.114;4.771485611831941;5.218818922315587
0;0.7902660000000026;65.691755;15.0;223.51303773680928;4.767974683544305;0.1711392405063296;2.0965;4.77104508703916;5.2113514055915005
0;0.7908809999999988;65.69237;15.0;222.90134166066895;4.763544303797467;0.16177215189873312;2.1069999999999998;4.766290440517787;5.211235320283593
0;0.7915200000000056;65.693009;15.0;223.62809290154027;4.760886075949367;0.16341772151898692;2.1035;4.763689912229282;5.207442158092111
0;0.792151000000004;65.69364;15.0;236.3948728303577;4.762974683544302;0.16215189873417615;1.9949999999999999;4.76573405409356;5.1664539167931265
0;0.7927569999999946;65.69424599999999;15.0;239.81208028349943;4.759177215189872;0.16987341772152062;1.9705;4.762207969380466;5.153784531160652
0;0.7934060000000045;65.694895;15.0;288.5145101111096;4.760632911392404;0.1587974683544313;1.575;4.763280629250002;5.016918113043933
0;0.7940420000000046;65.695531;15.0;313.5043028158817;4.761139240506329;0.15544303797468284;1.3685;4.763676039105092;4.956349630074938
0;0.7946830000000062;65.696172;15.0;316.01330187392705;4.755126582278479;0.15924050632911335;1.358;4.75779217204234;4.9478025781499575
0;0.7953000000000117;65.69678900000001;15.0;313.90976780869823;4.7574683544303795;0.15348101265822675;1.372;4.7599434413292245;4.953730469520228
0;0.7959280000000035;65.697417;15.0;319.8241219446348;4.756835443037976;0.1566455696202528;1.323;4.7594139625193295;4.9398735071481275
0;0.7965680000000077;65.698057;15.0;315.98306191938866;4.757405063291141;0.15544303797468284;1.3545;4.759943852009494;4.948912579979867
0;0.7972099999999926;65.69869899999999;15.0;320.527108275948;4.757531645569623;0.15417721518987385;1.316;4.760029198679364;4.938596356484311
0;0.7979979999999927;65.69948699999999;15.0;320.54963703256624;4.757278481012658;0.1566455696202528;1.316;4.759856760490567;4.938430153438211
0;0.798640000000006;65.700129;15.0;313.8102741158641;4.756012658227847;0.15322784810126713;1.3755000000000002;4.758480343413982;4.953295411002381
0;0.7992950000000008;65.700784;15.0;319.07581883909006;4.756962025316457;0.1487974683544303;1.33;4.759288643998338;4.941632159205249
0;0.79993300000001;65.70142200000001;15.0;320.99165462706407;4.754113924050632;0.14601265822784912;1.3195000000000001;4.7563556321216;4.935990189335354
0;0.8005500000000012;65.702039;15.0;320.5856109502777;4.752594936708859;0.13955696202531545;1.3265;4.754643496423304;4.936216874092995
0;0.8011850000000038;65.702674;15.0;321.32352786147817;4.747721518987342;0.13462025316455756;1.33;4.7496296944517225;4.932330304675221
0;0.8018359999999944;65.70332499999999;15.0;322.25696201365196;4.749620253164557;0.12531645569620367;1.3195000000000001;4.751273172881055;4.931092882246207
0;0.8024780000000078;65.703967;15.0;352.51270898949656;4.752151898734177;0.12215189873417764;1.0465;4.753721568940193;4.8675487676044105
0;0.8031059999999997;65.704595;15.0;348.5962265403507;4.7504430379746845;0.11025316455696141;1.0885;4.751722300107296;4.874802259306215
0;0.8041929999999979;65.705682;15.0;382.53073867742137;4.745063291139241;0.10873417721518919;0.756;4.746308961520713;4.806140318198359
0;0.8062400000000025;65.707729;15.0;379.93604918907374;4.7503164556962005;0.0956962025316456;0.77;4.7512802687735745;4.813269594821912
0;0.8066450000000032;65.708134;15.0;374.02934947969175;4.744936708860758;0.09164556962025364;0.854;4.7458216655838825;4.822047208554203
0;0.8072859999999906;65.70877499999999;15.0;368.4824182912147;4.752911392405063;0.09126582278481059;0.889;4.753787558827427;4.836198626448507
0;0.807934000000003;65.709423;15.0;371.87497162293795;4.745822784810125;0.08424050632911502;0.875;4.74657037951925;4.826546940383934
0;0.8085710000000006;65.71006;15.0;372.26995265270335;4.750379746835442;0.07873417721518985;0.8574999999999999;4.751032183621377;4.827795880089186
0;0.8092259999999953;65.710715;15.0;373.35372703023637;4.750126582278482;0.07379746835443017;0.847;4.7506998025558484;4.825614739492179
0;0.8098399999999941;65.71132899999999;15.0;372.2255846371265;4.753101265822784;0.06829113924050681;0.8505;4.753591833852052;4.829077093282413
0;0.8104730000000018;65.711962;15.0;369.7663402141728;4.751772151898734;0.052151898734176194;0.882;4.752058333406894;4.833216569128877
0;0.8111049999999977;65.712594;15.0;371.83375979293817;4.753797468354431;0.04778481012658199;0.854;4.754037626924279;4.830133513497513
0;0.8125569999999982;65.714046;15.0;367.0774866956108;4.753291139240506;0.035886075949367546;0.9065000000000001;4.7534266024447405;4.8390915175091855
0;0.8131890000000084;65.714678;15.0;370.80483955384165;4.755443037974681;0.026582278481011867;0.861;4.755517333051274;4.832832099809707
0;0.8138199999999927;65.71530899999999;15.0;372.0840841033523;4.752088607594937;0.025506329113923518;0.8574999999999999;4.752157058353443;4.828902873040464
0;0.8144419999999997;65.715931;15.0;371.293080465635;4.757215189873419;0.016708860759494303;0.8505;4.757244533213557;4.83267273863959
0;0.8150880000000029;65.716577;15.0;367.33544123629963;4.752594936708861;0.009177215189874065;0.9065000000000001;4.752603797257809;4.838283280638841
0;0.8157170000000065;65.717206;15.0;371.9198801088341;4.751645569620254;0.0014556962025331997;0.861;4.751645792601046;4.82902254481621
0;0.8163530000000065;65.717842;15.0;371.4151886115611;4.755696202531646;-0.006835443037973144;0.854;4.755701114878377;4.8317708031378555
0;0.8169100000000071;65.718399;15.0;384.53859452091694;4.743481012658226;-0.01721518987341897;0.7454999999999999;4.743512251508526;4.801737053422593
0;0.8170039999999972;65.718493;15.0;340.76166547563827;4.757974683544303;-0.010316455696203222;1.1480000000000001;4.757985867833851;4.894520764947948
0;0.8176150000000035;65.719104;15.0;303.5225024451502;4.748797468354429;-0.020000000000000157;1.4805;4.74883958409309;4.974269558985463
0;0.8182570000000027;65.719746;15.0;285.43556993352286;4.756645569620255;-0.03126582278481011;1.6135000000000002;4.756748324923488;5.022951012767535
0;0.8188899999999961;65.720379;15.0;302.214521791999;4.75506329113924;-0.03234177215190026;1.4805;4.755173276860251;4.980316570557123
0;0.8195380000000085;65.721027;15.0;280.00493943223654;4.75278481012658;-0.03613924050632898;1.6624999999999999;4.752922205977532;5.0352930149172375
0;0.820171000000002;65.72166;15.0;255.76331847913605;4.750632911392406;-0.04316455696202455;1.8585;4.750829005319221;5.101411421144389
0;0.8207900000000024;65.722279;15.0;280.7089985564051;4.753417721518988;-0.053544303797468586;1.6555;4.753719283647271;5.033738896458568
0;0.8214080000000052;65.722897;15.0;293.4493931862755;4.750696202531648;-0.05854430379746907;1.5575;4.7510569186503915;4.9998348066966924
0;0.8220469999999978;65.723536;15.0;291.99047630553684;4.749113924050633;-0.061898734177213935;1.5715000000000001;4.749517293041929;5.002751919384404
0;0.8226879999999994;65.724177;15.0;282.6311245810045;4.754556962025315;-0.06664556962025299;1.6380000000000001;4.7550240311793806;5.029244231203473
0;0.8233010000000007;65.72479;15.0;292.6416483227971;4.749556962025316;-0.08544303797468318;1.5645;4.75032544656274;5.001325034254572
0;0.823953000000003;65.725442;15.0;305.75345713900873;4.7489873417721515;-0.0899367088607608;1.4595;4.749838879784537;4.969014956096714
0;0.8245940000000047;65.726083;15.0;301.4431231024928;4.744240506329112;-0.10000000000000078;1.5015;4.745294298765243;4.977179947710744
0;0.825232000000014;65.72672100000001;15.0;300.9823278716988;4.744113924050632;-0.1058860759493654;1.505;4.745295437109373;4.978238020168485
0;0.8263699999999972;65.727859;15.0;282.4955794809753;4.751012658227847;-0.11607594936708701;1.6415;4.752430420812355;5.027933686382776
0;0.8270069999999947;65.72849599999999;15.0;299.11452619149713;4.750632911392405;-0.11905063291139062;1.5085;4.752124378843769;4.985805688351811
0;0.8276499999999913;65.72913899999999;15.0;310.84159808329014;4.7554430379746835;-0.13075949367088624;1.4035000000000002;4.757240432499387;4.959954514167136
0;0.8282789999999949;65.72976799999999;15.0;322.93168677372194;4.749746835443039;-0.13620253164556878;1.3125;4.751699288720597;4.929635116357785
0;0.8289230000000032;65.730412;15.0;330.11622958140697;4.750443037974683;-0.14050632911392397;1.2494999999999998;4.7525204981739115;4.914031067826414
0;0.8295540000000017;65.731043;15.0;330.5622803670581;4.749936708860761;-0.14645569620253118;1.246;4.752194020569148;4.912826478630522
0;0.8301940000000059;65.731683;15.0;335.70821919049536;4.751518987341771;-0.15392405063290882;1.197;4.754011495614268;4.902390671951044
0;0.8312400000000082;65.732729;15.0;353.85359735299255;4.746582278481013;-0.1566455696202528;1.043;4.749166364834113;4.862348214687185
0;0.831869999999995;65.733359;15.0;330.7685661997047;4.746582278481012;-0.15886075949367032;1.2494999999999998;4.749239946275288;4.910858409412442
0;0.8325000000000102;65.73398900000001;15.0;352.60740661640267;4.7475316455696195;-0.17196202531645652;1.05;4.750644973457384;4.865298311906055
0;0.8331250000000097;65.73461400000001;15.0;329.0744456116764;4.752405063291139;-0.17968354430379918;1.2494999999999998;4.755800675142813;4.917203505213998
0;0.8337740000000053;65.735263;15.0;329.94571769115873;4.748227848101265;-0.18601265822784946;1.2494999999999998;4.75186999048852;4.913401943308258
0;0.834423000000001;65.735912;15.0;327.2980867973081;4.7449367088607595;-0.19405063291139077;1.2774999999999999;4.748903033251751;4.917731821605127
0;0.8350730000000084;65.736562;15.0;330.6440708119121;4.747215189873417;-0.20531645569620252;1.2425;4.7516530708738145;4.911416613966336
0;0.8357280000000031;65.737217;15.0;352.9796974448908;4.744367088607594;-0.21417721518987254;1.0465;4.74919897993013;4.863132036143928
0;0.8363729999999947;65.73786199999999;15.0;330.49078252810574;4.746518987341772;-0.2212658227848089;1.2425;4.751673501149737;4.911436379668233
0;0.8369860000000102;65.73847500000001;15.0;330.25174299058773;4.744620253164557;-0.23443037974683592;1.246;4.750408292945729;4.911099159015989
0;0.8376360000000034;65.739125;15.0;329.8129638776513;4.746772151898732;-0.2494936708860746;1.2425;4.753324410752282;4.913033604999413
0;0.8382620000000003;65.739751;15.0;329.29815704842144;4.747974683544306;-0.25936708860759394;1.2425;4.755053615074222;4.914706617106501
0;0.8389150000000001;65.740404;15.0;330.03588638809157;4.744746835443037;-0.26012658227848007;1.2425;4.7518720912135874;4.911628510102794
0;0.8406980000000033;65.742187;15.0;309.83666807030625;4.750569620253166;-0.27284810126582143;1.4000000000000001;4.758398659553093;4.960076390867047
0;0.8410899999999941;65.74257899999999;15.0;323.20063629473236;4.745949367088607;-0.27797468354430355;1.295;4.754083015646688;4.927304569403064
0;0.8417320000000075;65.743221;15.0;346.5216766805343;4.7443670886075955;-0.29177215189873323;1.0885;4.753330417726768;4.876369788078682
0;0.8423540000000003;65.743843;15.0;364.47872410030664;4.74367088607595;-0.2963924050632907;0.9135;4.752921410373181;4.8399115883643775
0;0.842999000000006;65.744488;15.0;369.96288506604816;4.744430379746834;-0.303481012658227;0.8505;4.754126665677804;4.829603565853905
0;0.8436340000000087;65.745123;15.0;369.0912083643376;4.743354430379748;-0.3098101265822773;0.861;4.753461219652066;4.8308088936260045
0;0.8442679999999996;65.745757;15.0;337.00132687078747;4.738101265822785;-0.31297468354430336;1.183;4.74842676659661;4.893571881328723
0;0.8449069999999921;65.74639599999999;15.0;371.4930303659626;4.738481012658226;-0.31746835443037735;0.847;4.7491039642639175;4.824043683818302
0;0.8455490000000054;65.747038;15.0;371.6196549276594;4.7353164556962035;-0.3301898734177223;0.8505;4.746814435818496;4.822405783226341
0;0.8461769999999973;65.747666;15.0;371.7813152003043;4.736012658227849;-0.338037974683543;0.8434999999999999;4.748061243415313;4.822403738927566
0;0.8468129999999974;65.748302;15.0;371.9277202074588;4.729430379746833;-0.3493670886075956;0.8574999999999999;4.742316847225037;4.819219369303956
0;0.8480969999999957;65.749586;15.0;369.64851476907097;4.734303797468354;-0.36443037974683784;0.861;4.748309377916071;4.825739627083677
0;0.8487329999999957;65.750222;15.0;371.0383453953457;4.732151898734179;-0.3691139240506343;0.8505;4.746525748547199;4.822121621404996
0;0.8493480000000062;65.750837;15.0;368.7304083337674;4.736518987341773;-0.3719620253164563;0.861;4.751101752828143;4.828487223316083
0;0.8499829999999946;65.75147199999999;15.0;369.35946605396356;4.731518987341772;-0.382911392405064;0.8645;4.746987788272611;4.825065109613474
0;0.8506169999999997;65.752106;15.0;368.6393599717313;4.733354430379747;-0.38791139240506267;0.8645;4.7492230324499625;4.827264200554308
0;0.8511620000000022;65.752651;15.0;377.0288362092376;4.727215189873418;-0.40151898734177355;0.784;4.744236603349999;4.808579514634851
0;0.8512520000000023;65.752741;15.0;334.80684220388986;4.731962025316457;-0.3979113924050637;1.1900000000000002;4.748662768110909;4.895497736210564
0;0.8518959999999964;65.753385;15.0;313.5182675287596;4.73101265822785;-0.40436708860759374;1.372;4.748262157322522;4.942507209368655
0;0.852523000000005;65.754012;15.0;291.2077596628739;4.730189873417719;-0.41132911392405214;1.554;4.748040425116986;4.995878689334348
0;0.8531610000000001;65.75465;15.0;314.1197705401105;4.728227848101267;-0.41601265822784855;1.3685;4.746493981389436;4.939837787353562
0;0.8537919999999986;65.755281;15.0;314.0407817236076;4.729493670886077;-0.4221518987341764;1.365;4.748296811337338;4.940601947997463
0;0.8544210000000021;65.75591;15.0;307.7797015172275;4.72746835443038;-0.42031645569620196;1.421;4.74611661941315;4.954277340346391
0;0.8550580000000139;65.75654700000001;15.0;290.149910770873;4.7257594936708855;-0.4291772151898738;1.5645;4.745207674492091;4.9964643623324925
0;0.8557060000000121;65.75719500000001;15.0;286.13022003991796;4.727848101265822;-0.433607594936707;1.5925;4.7476903031926625;5.0076560849393035
0;0.8563319999999948;65.75782099999999;15.0;286.55083038138173;4.723417721518989;-0.44525316455696357;1.5925;4.744357211731388;5.00449613872442
0;0.8569760000000031;65.758465;15.0;297.78119777265096;4.723670886075948;-0.4453797468354434;1.5015;4.744621139654117;4.976538155068515
0;0.857607999999999;65.759097;15.0;314.2189125095562;4.720632911392405;-0.4561392405063287;1.3685;4.742619328056051;4.936114903529985
0;0.8582499999999982;65.759739;15.0;312.3425358904214;4.724177215189873;-0.46297468354430543;1.3755000000000002;4.746809024821;4.9420841927391415
0;0.8588980000000106;65.76038700000001;15.0;308.7105432580471;4.718354430379746;-0.4681645569620265;1.4140000000000001;4.741523656281768;4.947872531005586
0;0.8595480000000038;65.761037;15.0;283.0967815657217;4.720379746835443;-0.4721518987341777;1.617;4.743934271236537;5.01194586660835
0;0.8601780000000048;65.761667;15.0;278.7015914676901;4.7222784810126575;-0.475759493670884;1.6484999999999999;4.746183851058994;5.024322182946988
0;0.8608070000000083;65.762296;15.0;284.1174975744158;4.717215189873416;-0.4837341772151899;1.61;4.741952962839103;5.007815681689827
0;0.8614400000000018;65.762929;15.0;284.21336931267103;4.716075949367087;-0.4867088607594935;1.61;4.741124115158817;5.007030844256951
0;0.8620599999999996;65.763549;15.0;309.17683887621655;4.7191139240506335;-0.4839873417721513;1.4035000000000002;4.743867617795025;4.947129695607772
0;0.8627070000000003;65.764196;15.0;333.4839440098513;4.7168987341772155;-0.4863924050632913;1.2005000000000001;4.7419100835197066;4.891514232851201
0;0.8633450000000096;65.76483400000001;15.0;354.2904712072428;4.719620253164556;-0.4900632911392402;1.001;4.744994980334889;4.8494307257041305
0;0.8639770000000055;65.765466;15.0;340.44163009706114;4.719683544303799;-0.4989873417721528;1.127;4.745987897753313;4.877963727378558
0;0.8646229999999946;65.76611199999999;15.0;355.2892350418409;4.712025316455695;-0.5093037974683524;1.001;4.739469689852977;4.844024560325337
0;0.8652519999999981;65.766741;15.0;354.152246613011;4.714367088607596;-0.5192405063291143;1.001;4.7428754727021225;4.847356882834127
0;0.8658999999999963;65.767389;15.0;359.13405483761835;4.708164556962026;-0.5232278481012655;0.9660000000000001;4.737149024092667;4.834639270562191
0;0.8665240000000125;65.76801300000001;15.0;364.20404478813526;4.710063291139239;-0.5284810126582257;0.9065000000000001;4.73961901288254;4.825529052578345
0;0.8671619999999933;65.76865099999999;15.0;337.6419138714711;4.706139240506329;-0.542594936708863;1.1620000000000001;4.737315254062747;4.877745361985964
0;0.8677969999999959;65.769286;15.0;343.35436551193004;4.703037974683546;-0.5518354430379743;1.113;4.73530237128617;4.864345541540858
0;0.8684280000000086;65.769917;15.0;347.4021530438809;4.702468354430378;-0.5502531645569613;1.078;4.734552478273327;4.855725606902031
0;0.8690500000000014;65.770539;15.0;341.80944532694537;4.707658227848099;-0.5592405063291147;1.113;4.740759004014563;4.8696575787364305
0;0.8696900000000056;65.771179;15.0;345.61048392917655;4.709873417721519;-0.5625316455696223;1.071;4.743347917160099;4.862755439380748
0;0.8703260000000057;65.771815;15.0;343.50280743393535;4.702405063291139;-0.5589873417721515;1.1095;4.735512667866875;4.863750659473371
0;0.8709599999999966;65.772449;15.0;358.7948025118877;4.701518987341771;-0.5663924050632937;0.9625000000000001;4.735512764722377;4.832337673926417
0;0.8715880000000027;65.773077;15.0;363.6148601344308;4.6982911392405065;-0.57;0.9205000000000001;4.732741238338079;4.821427162061649
0;0.8722149999999971;65.773704;15.0;341.1066270940594;4.700253164556961;-0.5699367088607592;1.1305;4.734681368691536;4.867775458362347
0;0.8740230000000082;65.775512;15.0;340.9128198614525;4.700000000000001;-0.5744936708860758;1.1305;4.734980779041048;4.868066682769267
0;0.8757439999999974;65.777233;15.0;353.4507836860681;4.699493670886074;-0.5988607594936701;1.001;4.737496698886408;4.8420941721490305
0;0.8763890000000032;65.777878;15.0;367.43218462110264;4.6982911392405065;-0.6046835443037958;0.8574999999999999;4.73704357356122;4.8140303351576055
0;0.8770300000000049;65.778519;15.0;376.4467885280493;4.696582278481012;-0.6068354430379761;0.7595;4.735623966645683;4.796141637135937
0;0.87766400000001;65.77915300000001;15.0;374.75349384842906;4.693734177215188;-0.6128481012658223;0.784;4.733574053670552;4.798059953937952
0;0.8782939999999968;65.779783;15.0;378.30513545327466;4.693987341772153;-0.6120253164556971;0.742;4.7337186389454855;4.791519190476013
0;0.87894;65.780429;15.0;376.65511741124334;4.6973417721518995;-0.6135443037974694;0.749;4.737241426940944;4.796087711575495
0;0.8795720000000102;65.78106100000001;15.0;373.1657758164617;4.692721518987344;-0.6224050632911394;0.798;4.733816992404473;4.800606973870839
0;0.8802040000000062;65.781693;15.0;377.95798832793935;4.694620253164556;-0.6227848101265807;0.735;4.735749174222304;4.792446686312456
0;0.8808450000000079;65.782334;15.0;378.5665844759751;4.692721518987341;-0.6260126582278457;0.7314999999999999;4.734292671881233;4.7904717255222735
0;0.8814710000000048;65.78296;15.0;377.13113761005263;4.695632911392403;-0.6304430379746844;0.735;4.737766020254931;4.794439681827507
0;0.882111000000009;65.7836;15.0;375.4222004829084;4.69721518987342;-0.6277215189873422;0.7525;4.738972973691385;4.798345662348364
0;0.883505999999997;65.784995;15.0;373.53089765558383;4.696962025316457;-0.6389873417721521;0.7665;4.740227535700149;4.801799593924127
0;0.8841400000000021;65.785629;15.0;376.2272036030373;4.692848101265822;-0.6462658227848109;0.742;4.7371386738466885;4.794897998420192
0;0.8847800000000063;65.786269;15.0;372.1446642481784;4.6934810126582285;-0.6513291139240504;0.784;4.738458993262303;4.802879306294131
0;0.8854189999999988;65.786908;15.0;373.05504536740114;4.688101265822783;-0.6512658227848114;0.791;4.733121660229827;4.798762512412628
0;0.8862020000000115;65.78769100000001;15.0;380.1016772332688;4.690506329113923;-0.6526582278480983;0.6965;4.735695554597613;4.786640224190198
0;0.8862909999999999;65.78778;15.0;340.6278538656713;4.694177215189872;-0.6537341772151903;1.1025;4.739479729049061;4.866022436453306
0;0.8869219999999984;65.788411;15.0;323.06784769022573;4.692025316455697;-0.6536075949367087;1.2635;4.7373309424632914;4.902931440314063
0;0.8875690000000134;65.78905800000001;15.0;315.9723937456713;4.698797468354431;-0.6589240506329115;1.309;4.744773814747811;4.922027991907044
0;0.8882080000000059;65.789697;15.0;319.58874425405304;4.698924050632911;-0.6522784810126572;1.281;4.743980865308015;4.913890052739132
0;0.888842000000011;65.79033100000001;15.0;303.8102371084542;4.698037974683545;-0.6646202531645591;1.4105;4.744816212719433;4.950029408244479
0;0.8894870000000026;65.790976;15.0;309.8990292285836;4.701645569620253;-0.6684177215189859;1.351;4.748921278855904;4.937352966192552
0;0.8901150000000086;65.791604;15.0;313.09378630109353;4.698481012658227;-0.6742405063291134;1.3265;4.7466118533839285;4.928481138919456
0;0.890751999999992;65.79224099999999;15.0;311.7291137489036;4.702531645569619;-0.6827215189873439;1.3265;4.75183254651004;4.933509379749074
0;0.8914109999999908;65.79289999999999;15.0;291.35932423086354;4.699810126582278;-0.6855696202531641;1.5015;4.7495495502352005;4.981237113422669
0;0.8920469999999909;65.79353599999999;15.0;265.6291201673196;4.697974683544306;-0.6858227848101274;1.7149999999999999;4.747769899583165;5.048023773655185
0;0.8926919999999967;65.794181;15.0;259.1661688356772;4.700316455696202;-0.6786708860759484;1.7675;4.7490597969804105;5.06730946413337
0;0.893330000000006;65.794819;15.0;265.50256703719697;4.693417721518986;-0.6946202531645583;1.7185;4.744540779124453;5.04617770741131
0;0.8939730000000026;65.795462;15.0;267.50578972752146;4.6995569620253175;-0.6946202531645566;1.694;4.750613953525062;5.043606738776034
0;0.8946030000000036;65.796092;15.0;265.6793895459499;4.6979113924050635;-0.7022784810126567;1.708;4.750112263492594;5.047854050562747
0;0.8952430000000078;65.796732;15.0;266.16722463517937;4.698101265822785;-0.708924050632911;1.701;4.7512870691520455;5.046595863895923
0;0.8958720000000113;65.79736100000001;15.0;248.74927286005067;4.6916455696202535;-0.7094936708860764;1.8515000000000001;4.74498887458809;5.093424355967677
0;0.8964939999999899;65.79798299999999;15.0;248.70639507410579;4.696455696202532;-0.7137341772151908;1.8445;4.750380256581389;5.0959094214986065
0;0.8971159999999969;65.798605;15.0;299.1553543219939;4.6955696202531625;-0.717405063291138;1.428;4.750057271600016;4.960063314462849
0;0.8977510000000137;65.79924000000001;15.0;336.00922030303445;4.6953797468354415;-0.7132278481012644;1.106;4.7492404582522045;4.8763224801380405
0;0.8983950000000078;65.799884;15.0;338.43407585575414;4.700189873417719;-0.7094936708860764;1.0745;4.753437294759013;4.873368072001732
0;0.8990330000000029;65.800522;15.0;339.9674417040227;4.695949367088607;-0.7074683544303777;1.071;4.748942190717878;4.86821249852349
0;0.8996600000000115;65.80114900000001;15.0;338.74208267089665;4.695189873417723;-0.7118987341772164;1.0815;4.748853309501932;4.870446591963354
0;0.900299000000004;65.801788;15.0;339.467384631461;4.6949999999999985;-0.7074050632911405;1.078;4.747993989420156;4.868832603773714
0;0.900935000000004;65.802424;15.0;339.90989690355883;4.694873417721517;-0.7067721518987324;1.0745;4.747774561110467;4.867844855079883
0;0.9015990000000045;65.803088;15.0;335.2391761439192;4.699810126582278;-0.692405063291139;1.1165;4.7505410215676;4.8799807630355
0;0.902236000000002;65.803725;15.0;335.3426966236988;4.700063291139242;-0.6842405063291144;1.12;4.749608406091618;4.879874999548264
0;0.9028729999999996;65.804362;15.0;335.4971486951851;4.70139240506329;-0.6884810126582269;1.113;4.75153624117271;4.880150166867582
0;0.9035509999999931;65.80503999999999;15.0;335.41864954562016;4.696455696202532;-0.6903797468354422;1.1235;4.746927459023761;4.878070576696669
0;0.9041919999999948;65.80568099999999;15.0;343.38264662021777;4.693354430379746;-0.6883544303797453;1.057;4.743564865266271;4.85990294460585
0;0.9048439999999971;65.806333;15.0;342.7676077851118;4.692658227848099;-0.6891139240506332;1.064;4.742986321265425;4.860865688713373
0;0.9054380000000037;65.806927;15.0;337.3310783404634;4.697278481012659;-0.6981012658227831;1.099;4.748870445224629;4.874379089230541
0;0.9060819999999978;65.807571;15.0;336.43391580688194;4.694113924050633;-0.700443037974684;1.113;4.746085332293683;4.874843072490974
0;0.9067170000000147;65.80820600000001;15.0;336.2891570312643;4.690822784810125;-0.7030379746835446;1.12;4.743214183688204;4.8736516896820765
0;0.9073740000000043;65.808863;15.0;332.68770374724187;4.695506329113925;-0.7005696202531638;1.1445;4.747481172113334;4.883488274744867
0;0.9091099999999983;65.810599;15.0;319.5995584487711;4.695316455696203;-0.691708860759492;1.267;4.745993865059746;4.912203860507495
0;0.9099499999999949;65.811439;15.0;313.67944961612545;4.693164556962026;-0.6901265822784808;1.323;4.743634498809109;4.924672299584201
0;0.9105820000000051;65.812071;15.0;338.27110435658847;4.692278481012656;-0.6908860759493687;1.106;4.742868426734518;4.870116724814217
0;0.9112190000000027;65.812708;15.0;360.8242965948845;4.694556962025315;-0.7003164556962042;0.868;4.746504841229939;4.825218358563605
0;0.9118519999999961;65.813341;15.0;375.8180376696064;4.693037974683545;-0.696139240506327;0.7000000000000001;4.744387765981461;4.79574970927326
0;0.9124949999999927;65.81398399999999;15.0;375.65248309485156;4.6976582278481;-0.6986075949367078;0.6825;4.7493205195451065;4.798109174182284
0;0.9131160000000023;65.814605;15.0;374.8636952687882;4.696202531645569;-0.6968354430379741;0.7000000000000001;4.7476202304847614;4.798947577637016
0;0.9137460000000033;65.815235;15.0;375.779061315135;4.696202531645569;-0.6919620253164552;0.6930000000000001;4.74690737877982;4.7972261425447
0;0.914393000000004;65.815882;15.0;376.7487405729126;4.693101265822784;-0.6943670886075951;0.6895;4.7441906733402694;4.794033311837622
0;0.9150209999999959;65.81651;15.0;375.99793510002223;4.697531645569619;-0.6876582278481;0.6895;4.74759701316942;4.797404261624738
0;0.9156600000000026;65.817149;15.0;377.9081458632697;4.692088607594938;-0.6900632911392417;0.6825;4.742560790047938;4.791418276178789
0;0.9162800000000004;65.817769;15.0;375.6525881973879;4.698291139240505;-0.6858227848101256;0.6930000000000001;4.748083036471725;4.798389471607171
0;0.9169270000000012;65.818416;15.0;377.19337882213307;4.694493670886076;-0.6868987341772139;0.686;4.7444810777369195;4.793818592417081
0;0.9175639999999987;65.819053;15.0;378.7262227620069;4.693164556962024;-0.6753164556962035;0.6825;4.741502491200299;4.790370771042534
0;0.9182210000000026;65.81971;15.0;379.1153726709977;4.694746835443038;-0.6815822784810148;0.665;4.743964823988663;4.790347299647677
0;0.9188199999999966;65.820309;15.0;377.4517789747268;4.697025316455695;-0.6739240506329112;0.686;4.745125967711204;4.794456846134627
0;0.9193670000000083;65.820856;15.0;382.39302024995715;4.692278481012656;-0.6815822784810112;0.63;4.741522091661475;4.7831926310482
0;0.9194590000000034;65.820948;15.0;345.7487242047245;4.693037974683542;-0.6815822784810129;1.0394999999999999;4.742273698782175;4.854865609279125
0;0.920107999999999;65.821597;15.0;305.20846268215024;4.699240506329113;-0.6724050632911389;1.393;4.7471033173361485;4.947265800971671
0;0.9207559999999972;65.822245;15.0;296.66668428398725;4.6995569620253175;-0.6667088607594949;1.4665;4.746613144583815;4.967993417299972
0;0.921908000000002;65.823397;15.0;294.35709858539906;4.698354430379745;-0.6589240506329096;1.4909999999999999;4.7443350701622515;4.973107304087803
0;0.9225430000000046;65.824032;15.0;268.83148092800303;4.699556962025316;-0.6677215189873407;1.694;4.746755488356165;5.0399725858618885
0;0.9231830000000087;65.824672;15.0;259.2802156440294;4.701962025316454;-0.6614556962025312;1.771;4.7482597365305095;5.067781716447225
0;0.9238080000000082;65.825297;15.0;267.2607042862433;4.701518987341771;-0.648670886075949;1.7115;4.74605675342992;5.045224173094566
0;0.9244660000000096;65.82595500000001;15.0;267.03181971430325;4.704620253164556;-0.6426582278481028;1.7115;4.748311418210372;5.0473452006284445
0;0.9251030000000071;65.826592;15.0;251.5802627034008;4.709493670886076;-0.6351898734177216;1.834;4.752136026189532;5.09375625755772
0;0.925744999999992;65.82723399999999;15.0;253.98754476548575;4.706835443037974;-0.6382278481012678;1.8165;4.749908912171944;5.08540135327886
0;0.926359000000005;65.827848;15.0;263.5703221959478;4.709050632911391;-0.6368354430379755;1.736;4.75191721780089;5.059092136424534
0;0.9269719999999921;65.82846099999999;15.0;263.3010895484427;4.704493670886075;-0.6303164556962028;1.7465;4.746531315995773;5.057649828104805
0;0.927607000000009;65.829096;15.0;261.59264015391057;4.706835443037976;-0.6214556962025327;1.7605;4.747684390329781;5.063582459107491
0;0.9287660000000102;65.83025500000001;15.0;268.280946375214;4.7163924050632895;-0.619683544303799;1.694;4.756928106837394;5.04955453615659
0;0.9288579999999911;65.83034699999999;15.0;277.99115406512675;4.708797468354429;-0.6138607594936698;1.6275000000000002;4.748641766866314;5.019796298658664
0;0.9295010000000019;65.83099;15.0;261.80467056887903;4.712784810126581;-0.6045569620253142;1.7570000000000001;4.751402928282667;5.065854201108941
0;0.930111999999994;65.83160099999999;15.0;266.69539807981016;4.713037974683546;-0.6098734177215169;1.7149999999999999;4.752333378084129;5.052316056666735
0;0.9307320000000061;65.832221;15.0;314.8438868285176;4.715443037974681;-0.607784810126581;1.3125;4.754451116564823;4.932287671031009
0;0.9313779999999952;65.832867;15.0;340.4842835883459;4.717974683544303;-0.597658227848102;1.0815;4.755678760374748;4.877101877332429
0;0.9327219999999983;65.834211;15.0;352.78213816210604;4.724556962025318;-0.5945569620253168;0.9450000000000001;4.761820709404615;4.85468448702021
0;0.9333650000000091;65.834854;15.0;331.48603438529966;4.728417721518985;-0.5801265822784826;1.1515;4.763872479468873;4.901064501783353
0;0.9340010000000092;65.83549000000001;15.0;346.3925775931765;4.729240506329116;-0.5715189873417704;1.0114999999999998;4.763648782141295;4.869854409486616
0;0.9346440000000058;65.836133;15.0;347.9632670853844;4.729113924050634;-0.5566455696202524;1.0045;4.761761522464921;4.866558645164717
0;0.9352899999999948;65.83677899999999;15.0;334.9719931603713;4.735506329113922;-0.5393037974683553;1.1235;4.76611673997205;4.896745963294584
0;0.935924;65.837413;15.0;340.0902234048177;4.735886075949368;-0.5384810126582302;1.0745;4.766401024396136;4.886013607775211
0;0.9365570000000076;65.838046;15.0;335.7145245730942;4.734873417721519;-0.535063291139241;1.12;4.765009864351869;4.894866597505045
0;0.9371989999999926;65.83868799999999;15.0;350.8773415533982;4.73626582278481;-0.5332278481012647;0.9695;4.7661877724309365;4.863792361118037
0;0.9378270000000128;65.83931600000001;15.0;334.18811468608794;4.742848101265822;-0.5274050632911391;1.12;4.772081748300834;4.9017511373452995
0;0.9386549999999971;65.840144;15.0;334.8187946251821;4.739240506329113;-0.5246202531645562;1.1235;4.768189067860153;4.8987630313030115
0;0.9392979999999937;65.84078699999999;15.0;346.9430953265679;4.740949367088606;-0.5262658227848099;1.001;4.770068827336691;4.873967338578423
0;0.939942000000002;65.841431;15.0;338.8397720511431;4.741962025316456;-0.5267721518987328;1.078;4.7711311813404755;4.891398240744599
0;0.9405780000000021;65.842067;15.0;339.1243456236367;4.7395569620253175;-0.5327215189873419;1.078;4.769401682923639;4.889711281157083
0;0.9412260000000003;65.842715;15.0;334.4151136105751;4.7403164556962;-0.5349367088607594;1.12;4.7704043206662226;4.900118098845268
0;0.9418620000000004;65.843351;15.0;341.3063388524015;4.738544303797466;-0.5303797468354445;1.0605;4.768134309654526;4.8846458464155456
0;0.9439550000000025;65.845444;15.0;319.33759341219746;4.7410759493670875;-0.5262025316455674;1.26;4.770187654796951;4.933790658507638
0;0.9451329999999984;65.846622;15.0;316.6110921572695;4.7443670886075955;-0.5182278481012669;1.281;4.772586214413584;4.941511931991117
0;0.9457610000000045;65.84725;15.0;341.54242843189166;4.7487974683544305;-0.5179746835443054;1.0394999999999999;4.776962964922616;4.88875601950458
0;0.9464069999999936;65.84789599999999;15.0;360.68832125567894;4.741582278481013;-0.5139240506329099;0.861;4.769352202702598;4.846446268496549
0;0.9470400000000012;65.848529;15.0;374.52426822297997;4.744620253164555;-0.5096202531645583;0.686;4.77191095360913;4.82096776064462
0;0.9476810000000029;65.84917;15.0;374.488728791107;4.7446835443038;-0.5051898734177215;0.6895;4.771502776253104;4.82106305640064
0;0.948285999999996;65.849775;15.0;377.0665814092785;4.74518987341772;-0.5025949367088609;0.6545;4.77173224366073;4.816409332188395
0;0.9489229999999935;65.85041199999999;15.0;377.15069833510574;4.747088607594936;-0.5001898734177191;0.6475;4.773367800392848;4.8170838074323825
0;0.9495870000000082;65.851076;15.0;379.5351401379712;4.749050632911392;-0.49506329113924064;0.609;4.774784767525099;4.8134655474190025
0;0.9510530000000017;65.852542;15.0;376.21778588099346;4.752974683544302;-0.47645569620253286;0.6545;4.776795827001286;4.821425994750609
0;0.951675999999992;65.85316499999999;15.0;376.4852766103214;4.755506329113924;-0.47632911392405125;0.6405;4.779302236834814;4.822029668201375
0;0.9523239999999902;65.85381299999999;15.0;377.8318299377491;4.755316455696203;-0.47025316455696065;0.6265;4.778511549906616;4.819406071560159
0;0.9529720000000026;65.854461;15.0;376.0361471733551;4.757151898734178;-0.4613291139240498;0.651;4.779468457787345;4.823600288061206
0;0.9536110000000093;65.85510000000001;15.0;375.01359241444953;4.759683544303796;-0.4571518987341762;0.658;4.781587111036733;4.826648868566327
0;0.9542490000000043;65.855738;15.0;372.71151571582556;4.759493670886076;-0.4474683544303811;0.6965;4.780481976895348;4.830954375837268
0;0.9548869999999994;65.856376;15.0;375.3921751397049;4.7563924050632895;-0.44284810126582363;0.6755;4.776963800547215;4.824487890101755
0;0.9554180000000088;65.856907;15.0;376.3991045878386;4.7598734177215185;-0.4431012658227833;0.6475;4.780453292785705;4.824105091569387
0;0.9555090000000064;65.856998;15.0;347.57047674463263;4.762151898734178;-0.44367088607595057;0.9800000000000001;4.7827747764000925;4.8821444634268
0;0.9568120000000135;65.85830100000001;15.0;331.4797160493936;4.766392405063293;-0.42981012658228007;1.1340000000000001;4.785732264132388;4.9182506345201356
0;0.957453000000001;65.858942;15.0;339.7477083113494;4.765696202531648;-0.4180379746835454;1.0605;4.783995823900987;4.900130232259352
0;0.9580890000000011;65.859578;15.0;340.37691113955117;4.763037974683544;-0.4187341772151889;1.0605;4.781408689857582;4.897604445996593
0;0.9587269999999961;65.860216;15.0;339.3852858368225;4.764810126582278;-0.41468354430379695;1.0675;4.782821132375471;4.900503467430401
0;0.9593640000000079;65.860853;15.0;339.7376436179006;4.766392405063289;-0.4139873417721517;1.0605;4.784337161843068;4.900463480956938
0;0.9599740000000025;65.861463;15.0;328.6503158703499;4.7657594936708865;-0.4104430379746844;1.169;4.783401199871914;4.9241738432894575
0;0.9606140000000067;65.862103;15.0;339.95963062437426;4.767784810126583;-0.4086708860759489;1.057;4.785267379029085;4.900615562232962
0;0.9612540000000109;65.86274300000001;15.0;339.2254458185908;4.76886075949367;-0.4024050632911395;1.064;4.785808476987027;4.902658337922488
0;0.9618680000000097;65.86335700000001;15.0;316.94640086343406;4.770506329113924;-0.39626582278481165;1.2705;4.786936101351608;4.952668723872346
0;0.9625070000000022;65.863996;15.0;320.64389613916796;4.767594936708861;-0.3870886075949358;1.246;4.7832832940002366;4.942905529206659
0;0.9631530000000055;65.864642;15.0;290.35608851917135;4.77113924050633;-0.39151898734177076;1.5015;4.787176283546329;5.017126570034729
0;0.9637890000000056;65.865278;15.0;277.25200226358953;4.772341772151898;-0.3914556962025318;1.61;4.788369613168487;5.051790133439366
0;0.9644250000000056;65.865914;15.0;250.32698525106554;4.772974683544306;-0.3756329113924052;1.8375000000000001;4.7877330140554;5.1282349462437855
0;0.9650589999999966;65.866548;15.0;238.19050774979652;4.775759493670885;-0.3791139240506299;1.9355000000000002;4.790783454592439;5.166988132248482
0;0.9656920000000042;65.867181;15.0;249.5055217452299;4.778354430379746;-0.37632911392404866;1.8375000000000001;4.793150807591663;5.133293378944614
0;0.9663350000000008;65.867824;15.0;254.41629382520372;4.777151898734178;-0.3705696202531621;1.799;4.791503115623962;5.118095652392023
0;0.966977;65.868466;15.0;300.9222867380688;4.775886075949367;-0.3632911392405069;1.4105;4.789683524231815;4.993053025183861
0;0.9676180000000016;65.869107;15.0;332.4024382182297;4.780569620253165;-0.36291139240506204;1.1165;4.7943248297153245;4.92261341391185
0;0.9682390000000112;65.86972800000001;15.0;332.7265161550922;4.779873417721518;-0.3582278481012674;1.1165;4.793278322880495;4.921594185890996
0;0.9688879999999926;65.87037699999999;15.0;332.39312783332264;4.77867088607595;-0.35493670886075973;1.1235;4.791834252635082;4.921780953549925
0;0.9695190000000053;65.871008;15.0;333.4519068860401;4.782088607594936;-0.35316455696202786;1.106;4.795111745849461;4.921009312649536
0;0.9701519999999988;65.871641;15.0;331.5678444169205;4.784493670886076;-0.34879746835443187;1.12;4.797190778015752;4.926199281462269
0;0.9708009999999945;65.87228999999999;15.0;331.7618616746538;4.78145569620253;-0.34259493670886143;1.127;4.793713577739722;4.924410509432187
0;0.9714349999999996;65.872924;15.0;329.85259802669975;4.782088607594936;-0.3400632911392435;1.1445;4.794164629304018;4.928883721784247
0;0.9720760000000013;65.873565;15.0;333.98456659718624;4.78259493670886;-0.34417721518987626;1.1025;4.794963220306188;4.920079118681842
0;0.9727099999999922;65.87419899999999;15.0;323.52740532410064;4.779936708860759;-0.34259493670886143;1.2075;4.792198475790957;4.941985682028346
0;0.9733509999999939;65.87483999999999;15.0;328.8187556629394;4.783544303797467;-0.3501898734177225;1.1480000000000001;4.7963453851695785;4.931818432772795
0;0.9739810000000091;65.87547;15.0;324.3435604298729;4.7744303797468355;-0.3567721518987342;1.2075;4.787741828818672;4.937664232146608
0;0.9746220000000108;65.87611100000001;15.0;331.0582664655365;4.778544303797466;-0.362848101265823;1.1340000000000001;4.79230053397608;4.92464216039576
0;0.975270000000009;65.876759;15.0;334.4214157562659;4.7810759493670885;-0.3637974683544298;1.0955;4.794896853071763;4.918450577325902
0;0.9759229999999945;65.87741199999999;15.0;335.6172624730647;4.78259493670886;-0.35993670886076023;1.0815;4.796120178125101;4.916544621278113
0;0.9765230000000003;65.878012;15.0;329.9631477666853;4.781898734177215;-0.36082278481012797;1.1375;4.795492527985398;4.928555045443216
0;0.9771609999999953;65.87865;15.0;325.3508022922624;4.781139240506327;-0.359746835443036;1.183;4.794654338189636;4.938440970865268
0;0.9789530000000042;65.880442;15.0;320.262846173908;4.784493670886076;-0.3531012658227853;1.2249999999999999;4.797505621744968;4.951432640223895
0;0.9804030000000097;65.88189200000001;15.0;336.81735198637125;4.783037974683544;-0.341962025316457;1.0745;4.795246635369591;4.914157154998544
0;0.9810480000000013;65.882537;15.0;356.34548785912034;4.7851265822784805;-0.33905063291139415;0.8645;4.797123277559765;4.874397602792138
0;0.9816860000000105;65.88317500000001;15.0;374.4747323575049;4.781455696202531;-0.34189873417721434;0.6475;4.793663872152449;4.83719645757536
0;0.9823180000000065;65.883807;15.0;373.27067183046853;4.78525316455696;-0.3381645569620228;0.651;4.7971870003667485;4.841157311685681
0;0.9829560000000157;65.88444500000001;15.0;373.381599273884;4.787151898734175;-0.33348101265822816;0.644;4.79875326385487;4.841773320526041
0;0.9835880000000117;65.88507700000001;15.0;376.4863141481018;4.781455696202531;-0.33316455696202596;0.623;4.793048841474843;4.8333679972420205
0;0.9842330000000032;65.885722;15.0;376.476432670414;4.7832911392405055;-0.325126582278481;0.6194999999999999;4.794328046477506;4.834186763793971
0;0.984841000000003;65.88633;15.0;375.85872566746633;4.786835443037975;-0.3199999999999989;0.616;4.797519521453203;4.83690495655275
0;0.9854820000000046;65.886971;15.0;377.57030817494876;4.780443037974684;-0.3107594936708876;0.623;4.790533070778993;4.830873223572236
0;0.9861520000000041;65.887641;15.0;375.695406432054;4.783101265822787;-0.3075949367088616;0.6405;4.792981573530664;4.835588135294866
0;0.9868040000000065;65.888293;15.0;369.54754836077603;4.778037974683544;-0.30905063291139123;0.742;4.788022470835006;4.845175247730567
0;0.987435000000005;65.888924;15.0;363.6997187312486;4.775949367088608;-0.31177215189873336;0.8190000000000001;4.78611473239972;4.8556827770864155
0;0.988071000000005;65.88956;15.0;352.82488230216177;4.771772151898734;-0.30930379746835446;0.9520000000000001;4.781786100273058;4.87563147794874
0;0.9887099999999975;65.890199;15.0;350.9031976612458;4.768291139240506;-0.301898734177214;0.9835;4.777838761852196;4.87801347725253
0;0.9893420000000077;65.890831;15.0;352.46300878899933;4.772025316455696;-0.2853797468354439;0.9625000000000001;4.780550932768936;4.876481669277343
0;0.9898819999999944;65.89137099999999;15.0;369.4055504516995;4.757215189873419;-0.28683544303797354;0.8225;4.765854690834077;4.836308218480825
0;0.9899719999999945;65.89146099999999;15.0;328.78805189901425;4.771582278481012;-0.2791772151898735;1.1935;4.77974239450153;4.92649770199837
0;0.9906379999999899;65.89212699999999;15.0;290.4873326296799;4.7760759493670895;-0.27012658227848285;1.519;4.783708795963253;5.019086654419925
0;0.9912800000000033;65.892769;15.0;266.60874108854244;4.770316455696201;-0.2683544303797474;1.7255;4.777858640415223;5.079890100955965
0;0.9919320000000056;65.893421;15.0;243.7097365101714;4.769999999999999;-0.26943037974683576;1.9145;4.777603241116879;5.1469216993782325
0;0.9925610000000091;65.89405000000001;15.0;221.04047023841292;4.771075949367087;-0.2732911392405053;2.1035;4.778896709640879;5.221356721333682
0;0.9932000000000016;65.894689;15.0;198.32088624701498;4.767215189873418;-0.2665189873417694;2.3065;4.774659468189697;5.302576287727836
0;0.9938470000000024;65.895336;15.0;189.63002438466074;4.761835443037976;-0.25911392405063255;2.3905000000000003;4.768880037515055;5.334482829872976
0;0.9944869999999923;65.89597599999999;15.0;190.46646811106078;4.76139240506329;-0.2567721518987316;2.3835;4.768310976958727;5.330840630049363
0;0.9951039999999978;65.896593;15.0;190.29793423990512;4.759556962025318;-0.25278481012658044;2.387;4.766265061344617;5.330577045217001
0;0.9957600000000042;65.897249;15.0;198.20075272353884;4.762784810126583;-0.24867088607595128;2.3135000000000003;4.769272099299253;5.300777170109521
0;0.9963900000000052;65.897879;15.0;189.89559758156557;4.757088607594937;-0.24037974683544314;2.394;4.763158032566021;5.3309389832559715
0;0.9970530000000082;65.898542;15.0;189.65338823454215;4.763164556962026;-0.24658227848101;2.3905000000000003;4.769542893900854;5.335075413408899
0;0.9976989999999972;65.899188;15.0;195.05523396131244;4.759050632911391;-0.24772151898734454;2.345;4.7654935607535664;5.311210208378474
0;0.9983410000000106;65.89983000000001;15.0;191.15426105182578;4.758101265822784;-0.25696202531645584;2.3800000000000003;4.76503485173814;5.326345570677809
0;0.9989949999999936;65.90048399999999;15.0;193.29384258666218;4.76139240506329;-0.24613924050632974;2.359;4.767750220042092;5.319428837827555
0;0.9996309999999937;65.90111999999999;15.0;189.39253537501273;4.766582278481013;-0.24189873417721536;2.3905000000000003;4.772716376983425;5.337912688038817
0;1.000261000000009;65.90175;15.0;194.51010360794794;4.765000000000001;-0.24537974683544364;2.345;4.771313888244729;5.316433129472902
0;1.0008940000000024;65.902383;15.0;212.1385963821057;4.760379746835441;-0.24056962025316378;2.1945;4.766454560390753;5.247372611723872
0;1.001523000000006;65.903012;15.0;260.4596238673964;4.756582278481014;-0.2320886075949386;1.799;4.762241078918096;5.090711256173835
0;1.0021569999999969;65.903646;15.0;300.80283941990734;4.760000000000002;-0.2284177215189897;1.4665;4.765477379602587;4.986020146921184
0;1.0027669999999915;65.90425599999999;15.0;320.46764786447994;4.762658227848101;-0.23272151898734308;1.295;4.768340665335163;4.941062406071086
0;1.0034030000000058;65.904892;15.0;327.5534586893701;4.757658227848099;-0.23696202531645388;1.2425;4.763555690285649;4.922932973792431
0;1.0040580000000148;65.90554700000001;15.0;330.4056947510829;4.7624683544303785;-0.23607594936708615;1.2075;4.768315916633499;4.918830443390011
0;1.0046980000000048;65.906187;15.0;320.2142713809606;4.7628481012658215;-0.24265822784810145;1.295;4.769025587190094;4.941723388785922
0;1.0053529999999995;65.906842;15.0;330.69750696101096;4.764556962025316;-0.23594936708860453;1.2005000000000001;4.77039570142912;4.919133602395185
0;1.0059909999999945;65.90747999999999;15.0;326.3611366697805;4.760569620253164;-0.24234177215189923;1.246;4.766733959831099;4.926892392148125
0;1.0066220000000072;65.908111;15.0;321.58098869173614;4.760696202531645;-0.23924050632911578;1.288;4.766703719832798;4.937652109319554
0;1.007238000000001;65.908727;15.0;330.0128555961591;4.7608227848101246;-0.2358227848101265;1.2145;4.7666598341189435;4.918948690950418
0;1.0091900000000038;65.910679;15.0;327.68624834572034;4.760696202531645;-0.2350000000000014;1.2355;4.7664927706647395;4.924013970613734
0;1.0098260000000039;65.911315;15.0;329.0973487809035;4.762848101265823;-0.2379113924050606;1.218;4.768786414421133;4.921874426107148
0;1.0104750000000138;65.91196400000001;15.0;329.4858565217456;4.761139240506329;-0.23848101265822969;1.218;4.767108144450646;4.920248373902244
0;1.0111000000000132;65.91258900000001;15.0;330.510268385392;4.762025316455695;-0.23607594936708975;1.2075;4.767873422023128;4.918401490162687
0;1.01173;65.913219;15.0;330.78045906431134;4.760063291139242;-0.22677215189873587;1.2109999999999999;4.765462007458263;4.916924764985543
0;1.012387000000004;65.913876;15.0;322.6873639674085;4.758354430379748;-0.23113924050632828;1.2845;4.763964969814158;4.9340959134999
